_ID_,_VAL_
2,1
3,1
4,1
6,1
7,1
8,1
12,1
13,1
15,0
16,1
17,1
18,0
19,1
26,1
27,0
30,1
33,0
34,1
36,1
37,1
40,1
43,1
44,1
45,1
47,0
51,1
53,1
57,0
60,1
62,1
64,0
65,1
66,1
67,1
71,1
72,1
75,0
80,1
83,1
86,1
87,0
92,1
95,1
97,1
99,1
101,1
102,1
105,1
110,0
111,1
112,1
115,1
116,1
118,1
120,0
121,1
123,1
125,1
127,1
128,1
131,0
133,1
135,1
140,0
145,1
146,1
147,1
150,0
151,1
155,0
156,1
158,1
159,1
161,0
164,0
165,0
167,1
170,1
171,0
172,1
173,1
174,1
175,1
176,1
179,1
182,1
185,1
188,1
189,1
191,1
192,0
193,1
194,1
195,1
197,1
199,1
201,1
202,0
203,1
208,1
209,1
210,1
212,1
213,1
214,1
218,1
220,1
222,0
223,1
226,1
231,1
232,0
233,1
234,1
236,1
238,0
240,1
244,1
245,0
246,1
248,1
251,1
257,1
258,1
260,1
261,1
263,1
264,1
266,1
268,1
270,1
271,1
275,1
276,1
280,1
282,1
283,1
284,1
286,1
287,1
288,0
289,1
290,1
291,1
292,1
293,1
298,1
303,1
306,1
309,1
311,1
316,1
317,1
318,1
319,1
320,1
321,1
323,1
324,1
326,1
327,0
330,1
332,1
334,1
336,1
337,1
338,1
339,1
342,1
344,1
345,1
348,1
350,1
352,1
353,1
355,1
360,1
361,1
362,1
365,1
367,1
371,0
372,1
374,1
379,1
381,1
383,1
384,1
385,1
387,1
389,1
391,1
397,1
398,1
400,1
403,0
404,1
405,1
407,1
408,1
409,1
411,1
413,1
414,1
415,1
418,1
423,1
425,1
426,1
431,1
433,1
434,1
439,1
445,1
446,1
447,0
451,1
453,1
457,1
463,1
465,1
467,1
468,1
469,1
470,1
474,1
475,1
478,1
479,1
482,1
487,1
488,1
489,1
491,1
492,1
493,1
495,1
496,1
497,1
499,1
501,0
502,1
503,1
507,1
508,1
510,1
511,1
514,1
515,1
516,1
519,1
524,1
526,1
527,1
530,1
533,1
535,1
537,1
538,1
540,1
541,1
550,1
551,1
552,0
557,1
559,1
560,1
565,1
566,0
567,1
571,1
572,1
575,1
576,1
577,1
580,0
583,1
584,1
587,1
588,0
589,1
590,1
591,1
592,1
593,1
597,1
598,0
599,1
602,1
603,1
604,1
605,1
606,1
608,1
613,1
615,1
616,1
617,1
619,1
620,1
621,1
623,1
627,1
628,1
629,1
630,1
631,1
633,1
634,1
639,1
640,1
644,1
647,1
648,1
651,1
656,1
657,1
658,1
659,1
660,1
661,1
662,1
664,1
666,1
668,1
673,1
674,1
675,1
678,1
683,1
684,1
685,1
686,0
687,1
689,1
694,1
705,1
706,1
709,1
711,1
712,1
713,1
720,1
723,1
725,1
727,1
733,1
734,1
737,1
738,1
739,0
741,1
742,1
746,0
747,1
748,1
752,1
755,0
758,1
760,1
761,1
762,1
764,1
766,1
768,1
769,1
770,1
774,1
775,1
776,1
778,1
779,1
781,1
782,1
783,1
784,1
785,0
788,1
790,1
792,1
793,1
795,1
796,1
797,1
798,1
800,1
801,1
803,1
805,1
806,1
807,1
810,1
813,1
816,1
818,1
821,1
822,1
824,1
825,1
827,1
829,0
831,1
832,1
833,1
835,1
837,1
838,1
841,1
843,1
844,1
845,1
846,1
848,1
849,1
852,1
853,1
854,1
855,1
856,1
860,1
862,1
863,1
864,1
867,1
868,1
869,1
872,1
874,1
875,0
877,1
879,1
880,1
881,1
882,1
883,1
888,1
891,1
892,1
893,1
894,1
895,1
897,1
898,1
899,1
900,1
904,1
908,1
909,1
910,1
915,1
916,1
917,0
919,1
920,1
922,1
923,1
924,1
928,1
930,1
931,1
933,0
935,1
936,1
938,1
940,1
942,1
943,1
945,0
947,1
949,1
950,1
952,1
953,1
957,1
958,1
962,0
963,1
964,1
965,0
969,1
970,1
971,1
972,1
974,1
977,1
979,0
980,1
981,1
982,1
983,1
984,1
986,1
987,0
988,1
989,1
990,1
991,1
992,1
993,1
994,1
996,1
998,1
999,1
1003,1
1008,0
1009,1
1011,1
1015,1
1017,1
1018,1
1019,1
1021,0
1022,1
1023,0
1025,1
1027,1
1028,0
1030,1
1031,1
1033,1
1034,1
1036,1
1038,1
1043,1
1044,1
1045,1
1046,1
1049,1
1051,1
1059,1
1060,1
1062,1
1063,1
1064,1
1067,1
1069,1
1071,1
1072,1
1073,1
1074,1
1075,1
1078,1
1080,1
1081,1
1082,1
1083,0
1084,1
1087,1
1088,1
1089,1
1091,1
1092,1
1093,1
1094,1
1097,1
1099,1
1102,1
1111,1
1112,1
1114,1
1115,1
1118,1
1119,1
1120,1
1121,1
1123,1
1124,1
1126,1
1127,1
1131,0
1134,1
1136,1
1137,1
1138,0
1140,1
1146,1
1148,0
1150,1
1152,1
1155,1
1156,1
1157,1
1161,1
1163,1
1165,1
1166,1
1168,1
1169,1
1170,1
1171,1
1174,1
1178,1
1179,1
1182,1
1183,0
1184,1
1185,1
1187,0
1188,1
1189,1
1190,1
1191,1
1192,1
1193,1
1196,1
1198,1
1200,1
1202,1
1208,1
1209,1
1210,1
1212,1
1215,1
1222,1
1224,1
1226,1
1227,1
1228,1
1229,1
1230,1
1232,1
1239,1
1241,1
1242,1
1243,1
1245,1
1247,0
1249,1
1254,1
1258,1
1259,1
1264,1
1268,1
1269,0
1273,1
1275,1
1276,1
1277,1
1279,1
1280,1
1281,1
1282,1
1285,1
1291,0
1292,1
1293,1
1294,1
1296,1
1298,1
1301,1
1305,1
1306,0
1307,1
1308,1
1310,1
1311,1
1313,1
1319,1
1322,1
1323,1
1325,1
1327,1
1331,1
1334,1
1335,1
1336,1
1338,1
1341,1
1342,1
1343,1
1344,1
1345,1
1347,0
1349,1
1350,0
1351,1
1353,1
1354,1
1356,0
1358,1
1359,1
1361,1
1364,1
1366,1
1372,1
1375,1
1376,1
1380,0
1381,0
1382,1
1383,1
1384,1
1385,1
1386,1
1387,1
1389,1
1391,1
1392,1
1394,1
1395,1
1400,1
1402,1
1404,1
1405,1
1409,1
1414,1
1418,1
1419,1
1423,1
1425,1
1426,1
1427,0
1428,1
1429,1
1431,1
1432,1
1433,1
1435,1
1437,1
1438,1
1440,1
1444,1
1445,1
1446,1
1447,1
1450,0
1453,1
1455,1
1456,1
1457,1
1458,1
1459,0
1461,1
1462,1
1463,1
1464,0
1465,1
1466,1
1467,0
1470,1
1471,1
1474,1
1476,1
1483,1
1485,0
1487,1
1488,1
1489,1
1490,1
1492,1
1493,1
1497,1
1498,1
1499,1
1500,1
1502,1
1503,0
1504,1
1505,1
1506,1
1507,1
1508,1
1509,1
1511,1
1512,1
1513,0
1516,1
1519,1
1520,1
1522,1
1526,1
1527,1
1528,1
1530,1
1532,1
1533,1
1534,1
1535,1
1537,1
1540,0
1541,1
1542,1
1543,1
1548,1
1549,1
1551,0
1554,1
1556,1
1557,1
1558,1
1560,1
1561,1
1562,1
1563,1
1567,1
1568,1
1569,1
1571,0
1573,0
1575,0
1577,1
1579,1
1580,1
1582,1
1584,1
1586,1
1587,1
1588,1
1589,1
1590,1
1593,1
1597,1
1598,1
1599,1
1601,1
1604,0
1605,1
1606,1
1607,1
1614,1
1615,1
1616,1
1623,1
1624,1
1627,0
1629,1
1630,0
1632,1
1633,1
1634,1
1635,1
1638,1
1641,1
1642,1
1643,1
1644,1
1648,1
1650,1
1651,1
1654,1
1655,1
1656,1
1657,1
1658,1
1659,1
1660,1
1664,1
1667,0
1670,1
1672,1
1674,0
1675,1
1676,1
1677,1
1680,1
1684,1
1685,1
1687,1
1688,1
1689,1
1690,1
1691,1
1692,1
1693,1
1694,1
1696,1
1701,1
1702,1
1705,0
1706,1
1707,1
1708,1
1709,1
1713,1
1714,1
1715,1
1716,1
1717,1
1719,1
1721,1
1723,1
1725,1
1726,1
1727,1
1728,0
1729,1
1731,1
1732,1
1733,1
1734,0
1735,0
1737,1
1738,1
1741,1
1742,1
1743,1
1745,1
1746,1
1747,1
1748,1
1749,1
1750,1
1752,1
1754,1
1757,1
1759,1
1761,1
1762,0
1763,1
1766,0
1767,1
1771,1
1773,1
1774,1
1775,1
1776,1
1779,1
1780,1
1783,1
1784,1
1788,1
1789,1
1790,1
1791,1
1792,1
1795,1
1796,1
1797,0
1801,1
1802,1
1803,1
1805,1
1807,1
1808,1
1810,1
1811,1
1815,1
1817,1
1821,1
1822,1
1825,1
1826,1
1827,0
1829,1
1835,1
1840,1
1841,1
1843,1
1844,1
1845,1
1855,1
1857,1
1860,1
1861,1
1863,1
1864,0
1866,1
1867,1
1869,1
1872,1
1874,0
1878,1
1881,0
1883,1
1886,1
1888,1
1889,1
1891,1
1892,1
1893,1
1894,1
1896,0
1897,0
1899,1
1900,1
1901,1
1903,1
1904,1
1908,1
1911,1
1913,1
1914,1
1916,1
1917,1
1923,1
1924,1
1925,1
1926,1
1927,1
1928,1
1929,1
1930,1
1932,0
1935,1
1937,1
1938,1
1940,1
1941,1
1942,1
1943,1
1945,1
1948,1
1950,1
1952,1
1953,1
1954,1
1956,1
1963,1
1964,1
1965,1
1966,1
1967,1
1968,1
1969,1
1970,1
1971,1
1977,1
1979,0
1980,0
1982,0
1983,0
1985,1
1986,1
1987,1
1992,1
1994,1
1995,1
1996,1
1999,1
2002,1
2003,0
2008,1
2009,0
2010,1
2015,1
2016,1
2022,1
2024,1
2025,1
2028,1
2029,1
2032,1
2033,1
2034,1
2035,1
2036,1
2037,1
2039,1
2041,1
2042,1
2048,1
2049,1
2050,0
2051,1
2053,1
2054,1
2057,1
2058,1
2059,1
2060,1
2061,1
2067,1
2069,1
2070,1
2074,1
2075,1
2077,1
2079,1
2081,1
2082,1
2084,1
2088,1
2090,1
2091,1
2092,1
2094,1
2095,1
2097,1
2099,1
2104,1
2105,1
2108,1
2109,0
2110,1
2111,1
2117,1
2118,1
2120,1
2122,1
2124,1
2130,1
2132,1
2133,1
2134,1
2136,1
2138,1
2139,1
2141,1
2144,1
2146,1
2147,1
2151,1
2152,1
2153,1
2154,1
2156,1
2159,1
2161,1
2162,1
2164,1
2165,1
2167,1
2169,1
2170,1
2171,1
2172,1
2173,1
2178,1
2180,1
2181,1
2182,1
2183,1
2184,1
2185,1
2186,1
2187,1
2189,1
2194,1
2195,1
2197,1
2198,1
2200,1
2202,1
2203,1
2204,1
2205,1
2206,1
2207,1
2211,1
2213,1
2214,0
2218,1
2219,1
2220,0
2221,1
2222,1
2225,1
2232,1
2236,1
2239,1
2240,1
2242,1
2243,1
2245,1
2246,1
2247,1
2248,1
2251,1
2252,1
2255,1
2256,1
2259,1
2262,1
2263,1
2264,1
2266,1
2269,1
2270,1
2271,1
2272,1
2273,1
2274,1
2280,1
2281,1
2286,1
2287,0
2288,1
2289,1
2290,1
2295,1
2296,1
2300,1
2301,1
2303,1
2304,1
2307,1
2310,1
2311,1
2314,1
2317,1
2318,1
2319,1
2321,1
2324,1
2325,1
2326,1
2327,1
2328,1
2329,1
2330,1
2335,1
2336,1
2341,1
2342,1
2343,1
2347,1
2349,1
2350,1
2352,1
2354,0
2355,1
2361,1
2363,1
2365,1
2367,1
2368,1
2375,1
2376,1
2379,1
2382,0
2384,0
2386,1
2388,1
2389,1
2391,1
2394,1
2395,1
2397,1
2398,1
2399,1
2402,1
2405,1
2408,1
2411,0
2417,1
2420,1
2421,1
2423,1
2425,1
2426,1
2429,1
2431,1
2435,1
2437,1
2439,1
2441,1
2443,1
2447,1
2450,1
2451,1
2455,1
2456,1
2459,1
2460,1
2461,0
2463,1
2465,1
2466,1
2470,1
2472,1
2478,1
2481,1
2482,1
2485,1
2488,1
2489,1
2492,1
2495,0
2497,1
2499,1
2500,1
2502,0
2503,1
2505,1
2510,1
2511,1
2512,1
2513,1
2514,1
2515,1
2516,0
2520,1
2522,1
2526,1
2531,1
2534,1
2535,0
2537,1
2539,1
2542,1
2544,1
2546,1
2550,1
2552,1
2553,0
2554,1
2555,1
2557,1
2558,1
2559,1
2562,1
2563,1
2564,1
2565,1
2566,1
2567,1
2568,1
2569,1
2571,1
2573,1
2574,1
2575,1
2576,1
2578,1
2582,1
2583,1
2585,1
2588,1
2590,1
2591,1
2593,1
2594,1
2599,1
2603,1
2606,1
2607,1
2608,1
2610,1
2612,1
2613,1
2618,1
2619,1
2623,1
2624,1
2626,1
2627,1
2628,1
2630,1
2631,1
2634,1
2638,1
2639,1
2640,1
2641,1
2642,1
2644,1
2645,0
2648,1
2649,1
2651,1
2653,0
2654,1
2656,1
2658,1
2659,1
2660,1
2662,1
2663,1
2667,1
2668,1
2669,1
2671,1
2672,1
2677,1
2680,1
2681,1
2684,1
2685,1
2687,1
2692,1
2697,1
2698,1
2706,1
2707,1
2708,1
2711,1
2712,1
2716,1
2717,1
2720,1
2723,1
2728,1
2731,1
2732,1
2734,1
2740,1
2742,1
2744,1
2748,1
2750,1
2751,1
2755,1
2757,1
2761,1
2762,1
2764,1
2766,1
2768,1
2769,1
2773,1
2775,1
2779,1
2782,1
2785,0
2786,1
2788,1
2789,1
2790,1
2791,1
2792,1
2794,1
2795,1
2796,1
2797,1
2798,1
2799,1
2800,1
2801,1
2805,1
2807,1
2810,1
2814,1
2815,1
2819,1
2821,1
2822,1
2824,1
2830,1
2831,1
2833,1
2834,1
2835,1
2836,1
2837,1
2839,1
2842,1
2844,1
2845,0
2848,1
2849,1
2852,1
2858,1
2859,0
2860,1
2861,1
2862,1
2867,1
2868,1
2869,1
2870,1
2872,1
2873,1
2877,1
2880,0
2881,1
2882,0
2885,1
2888,1
2891,1
2893,0
2895,1
2896,1
2898,0
2901,1
2903,1
2904,1
2905,1
2909,1
2917,1
2918,1
2920,0
2921,1
2924,1
2925,1
2928,1
2930,1
2932,1
2933,1
2936,0
2938,1
2940,0
2941,1
2943,1
2948,1
2950,1
2951,1
2953,1
2955,0
2957,1
2959,1
2960,1
2961,1
2965,1
2969,1
2970,1
2971,1
2973,1
2974,1
2978,1
2979,0
2981,1
2983,0
2984,1
2985,1
2986,0
2987,1
2988,1
2989,1
2991,0
2992,1
2994,1
2998,1
2999,1
3000,1
3001,1
3003,0
3004,1
3006,1
3007,0
3011,1
3012,0
3014,1
3017,1
3018,1
3021,1
3023,1
3026,1
3028,1
3029,0
3031,1
3035,0
3036,1
3037,1
3038,1
3041,0
3042,0
3044,1
3046,1
3049,1
3050,0
3052,0
3053,1
3054,1
3056,1
3058,1
3059,1
3060,0
3063,0
3067,0
3068,0
3073,1
3076,1
3077,1
3078,1
3080,1
3081,1
3083,1
3084,0
3085,1
3090,1
3091,1
3093,0
3095,1
3098,0
3099,0
3101,1
3102,1
3104,0
3107,1
3109,0
3110,0
3113,1
3117,1
3119,1
3124,1
3125,1
3126,0
3128,1
3133,0
3136,1
3137,1
3138,1
3139,0
3140,0
3141,0
3145,1
3147,1
3149,1
3150,1
3151,1
3152,1
3153,1
3154,1
3156,1
3158,1
3160,1
3161,1
3165,1
3166,0
3169,1
3170,1
3173,0
3175,1
3176,1
3177,1
3178,1
3179,1
3180,1
3181,0
3183,1
3185,1
3186,1
3187,1
3190,1
3196,1
3199,1
3203,1
3204,1
3208,1
3209,0
3210,1
3211,1
3213,1
3215,1
3216,1
3218,1
3219,1
3220,1
3222,1
3223,0
3225,1
3227,0
3229,1
3232,1
3233,1
3234,1
3235,1
3237,1
3238,1
3240,1
3241,1
3242,1
3244,1
3245,0
3246,1
3247,0
3249,1
3250,1
3253,1
3254,1
3256,0
3261,1
3263,0
3265,1
3266,1
3269,1
3273,1
3274,1
3277,1
3278,1
3279,0
3283,1
3286,0
3287,1
3289,0
3296,1
3297,1
3305,1
3306,1
3307,1
3308,1
3310,1
3312,1
3314,0
3315,0
3316,0
3318,1
3325,1
3326,0
3327,1
3328,1
3329,1
3330,1
3332,0
3333,1
3334,1
3337,0
3342,1
3343,1
3344,1
3347,1
3348,1
3350,0
3354,1
3356,1
3357,1
3359,0
3360,1
3361,0
3363,1
3367,1
3368,0
3370,0
3371,1
3372,1
3375,1
3378,0
3380,0
3383,1
3384,1
3385,1
3386,0
3388,1
3391,1
3394,1
3396,1
3398,1
3400,1
3401,1
3402,1
3405,1
3406,1
3407,1
3410,0
3412,0
3413,1
3414,1
3417,1
3418,1
3422,1
3425,1
3426,1
3434,1
3439,1
3440,1
3441,1
3442,1
3444,1
3445,0
3449,1
3451,1
3452,1
3454,1
3455,1
3457,1
3459,1
3460,1
3461,1
3462,0
3463,1
3464,1
3465,1
3468,1
3470,1
3472,0
3473,1
3475,0
3476,1
3479,1
3480,1
3482,1
3484,1
3485,1
3486,0
3489,1
3490,1
3491,1
3495,1
3496,0
3498,1
3501,1
3504,0
3512,1
3514,1
3515,1
3516,0
3517,1
3518,1
3520,1
3521,1
3525,1
3528,1
3530,1
3531,1
3536,1
3537,1
3538,1
3542,1
3544,1
3545,1
3547,1
3549,1
3550,1
3557,1
3558,1
3559,0
3563,1
3564,0
3566,1
3568,1
3570,1
3573,1
3575,1
3577,1
3579,1
3580,1
3581,1
3582,1
3584,1
3587,1
3589,1
3592,1
3594,1
3598,1
3599,1
3602,1
3603,0
3604,1
3605,1
3607,1
3608,1
3609,0
3611,1
3614,1
3615,1
3616,0
3617,1
3619,1
3623,1
3625,1
3626,1
3629,1
3630,1
3631,1
3632,1
3634,1
3636,1
3637,1
3639,1
3640,1
3641,1
3643,1
3644,1
3645,0
3646,1
3648,1
3649,1
3651,1
3654,1
3655,1
3658,1
3659,1
3660,1
3661,1
3662,1
3664,1
3666,1
3669,1
3670,1
3671,1
3673,1
3675,1
3677,1
3678,1
3679,1
3680,1
3682,1
3683,1
3684,1
3687,1
3689,1
3691,1
3693,1
3695,1
3698,1
3699,1
3700,1
3701,1
3702,1
3705,1
3706,1
3708,1
3709,1
3710,1
3712,1
3713,1
3714,1
3718,1
3721,1
3722,1
3725,1
3728,1
3730,1
3732,1
3733,1
3734,1
3735,1
3737,1
3738,1
3741,1
3743,1
3744,0
3747,1
3749,1
3750,1
3752,1
3753,1
3756,1
3757,1
3758,1
3760,1
3761,1
3762,1
3765,1
3767,1
3770,1
3771,1
3772,1
3773,1
3774,1
3776,1
3777,0
3778,1
3779,1
3781,1
3784,1
3785,1
3787,1
3789,1
3790,1
3793,1
3797,1
3801,1
3802,1
3805,0
3807,1
3809,1
3810,1
3812,1
3814,1
3817,1
3818,1
3820,1
3827,1
3828,1
3831,1
3832,1
3834,0
3835,1
3836,1
3837,1
3838,1
3839,1
3840,1
3841,1
3845,1
3847,0
3848,0
3849,0
3850,1
3856,1
3862,1
3865,0
3866,0
3867,1
3869,1
3870,1
3872,1
3873,1
3874,1
3876,1
3878,1
3879,0
3886,0
3888,1
3889,1
3890,1
3892,1
3893,1
3897,1
3898,0
3902,1
3903,1
3905,1
3908,0
3909,0
3910,1
3915,1
3916,1
3920,1
3921,1
3923,1
3924,1
3926,1
3927,1
3931,0
3933,1
3936,0
3938,1
3939,0
3940,1
3941,1
3942,1
3946,1
3947,1
3948,1
3949,1
3950,1
3951,1
3952,1
3955,1
3960,1
3962,1
3963,1
3964,1
3966,1
3967,1
3970,1
3971,1
3974,0
3975,1
3976,0
3978,1
3980,1
3983,1
3987,1
3989,1
3990,1
3991,1
3993,1
3994,0
3995,1
3996,1
3999,1
4001,1
4002,1
4006,1
4007,0
4010,1
4011,1
4013,1
4015,1
4016,1
4018,1
4019,1
4020,1
4021,1
4022,1
4024,1
4027,1
4030,1
4034,1
4038,1
4044,0
4046,1
4047,1
4048,1
4052,1
4053,1
4054,1
4055,0
4056,1
4057,1
4064,1
4069,1
4070,1
4074,0
4076,1
4077,1
4078,1
4079,1
4080,1
4081,1
4082,1
4083,1
4085,1
4087,0
4089,1
4091,1
4094,1
4095,1
4096,1
4097,0
4098,1
4102,0
4104,1
4106,1
4110,1
4112,1
4114,1
4115,1
4118,0
4119,1
4122,1
4125,1
4126,1
4128,1
4129,1
4130,1
4131,1
4133,0
4134,1
4137,1
4139,0
4143,1
4145,1
4146,0
4147,1
4150,1
4151,1
4153,1
4155,0
4157,1
4158,1
4160,1
4161,1
4162,1
4167,0
4168,1
4173,1
4174,1
4175,1
4179,1
4181,1
4184,1
4185,1
4186,1
4187,1
4188,1
4189,1
4191,1
4193,1
4194,0
4196,1
4198,1
4203,1
4209,1
4212,1
4215,1
4217,1
4218,1
4220,0
4223,1
4224,1
4225,1
4226,0
4228,1
4230,0
4232,1
4235,1
4236,1
4239,1
4240,1
4241,1
4242,1
4243,0
4245,0
4246,0
4247,1
4250,1
4251,0
4253,1
4254,1
4255,1
4257,1
4258,1
4259,1
4262,1
4264,1
4266,1
4267,1
4275,1
4276,1
4278,1
4281,1
4282,1
4283,1
4284,1
4286,1
4287,1
4290,1
4291,1
4293,1
4294,1
4297,0
4302,1
4303,1
4305,1
4309,0
4311,1
4312,1
4314,1
4318,1
4320,1
4321,1
4322,1
4325,1
4326,1
4331,1
4332,1
4333,1
4334,1
4338,0
4339,1
4341,0
4342,1
4343,1
4345,1
4350,0
4351,1
4352,1
4356,1
4359,1
4362,1
4363,0
4364,0
4367,1
4369,1
4371,1
4374,1
4375,1
4377,0
4381,1
4383,1
4385,1
4386,1
4387,1
4389,1
4390,1
4394,1
4396,1
4397,1
4399,0
4404,1
4407,1
4408,1
4409,1
4410,1
4412,1
4413,1
4415,1
4416,1
4417,1
4420,0
4422,1
4423,1
4425,1
4427,1
4429,1
4431,1
4434,1
4436,1
4437,1
4439,1
4443,1
4448,1
4450,1
4451,1
4455,1
4457,1
4459,1
4460,1
4461,1
4462,1
4463,1
4465,1
4471,1
4475,1
4476,1
4477,1
4478,1
4481,0
4482,1
4484,1
4485,1
4487,1
4489,1
4490,1
4491,1
4492,0
4494,1
4495,1
4496,0
4497,1
4498,1
4505,1
4506,1
4507,1
4508,0
4509,0
4512,1
4516,0
4517,1
4520,1
4521,1
4522,0
4523,1
4524,1
4525,1
4526,1
4528,1
4530,1
4531,1
4532,1
4534,1
4535,1
4538,1
4539,1
4542,1
4545,1
4548,1
4553,1
4555,1
4556,1
4557,1
4558,0
4559,1
4561,1
4562,1
4567,0
4568,1
4571,1
4572,1
4573,1
4579,1
4580,1
4581,0
4582,1
4583,1
4584,1
4586,1
4587,1
4589,0
4590,0
4591,1
4592,0
4594,1
4596,1
4599,1
4603,1
4606,1
4608,1
4609,1
4613,1
4614,1
4616,1
4617,1
4618,1
4619,1
4620,1
4621,1
4625,1
4626,1
4627,0
4629,1
4630,0
4631,0
4632,1
4633,1
4635,1
4636,1
4640,0
4641,1
4644,1
4645,1
4648,1
4654,1
4657,1
4661,1
4662,1
4663,1
4669,1
4670,1
4673,1
4674,1
4675,1
4678,1
4679,1
4681,1
4687,1
4688,1
4692,0
4694,1
4697,1
4701,1
4703,1
4704,1
4706,1
4707,1
4708,1
4709,1
4710,1
4711,1
4712,1
4713,1
4714,1
4715,1
4718,1
4720,1
4722,1
4724,1
4733,1
4734,1
4735,1
4736,1
4739,1
4740,0
4741,1
4742,1
4744,1
4745,1
4749,1
4755,0
4761,1
4765,0
4767,0
4769,1
4770,0
4771,1
4773,1
4774,1
4775,1
4776,1
4777,1
4778,1
4779,1
4780,1
4782,0
4784,0
4785,1
4786,0
4787,1
4791,1
4792,1
4795,1
4797,1
4798,0
4799,1
4801,1
4802,1
4805,1
4814,1
4815,1
4816,1
4818,1
4822,1
4823,0
4826,0
4827,1
4829,0
4835,0
4836,1
4845,1
4848,1
4851,1
4852,1
4853,1
4854,1
4855,1
4856,1
4857,1
4858,0
4860,1
4868,1
4869,1
4871,1
4873,0
4878,1
4880,1
4881,1
4886,1
4887,0
4888,1
4889,1
4890,1
4892,1
4893,1
4896,1
4897,1
4900,1
4901,1
4902,1
4903,1
4904,1
4905,1
4907,1
4908,0
4910,1
4912,1
4914,1
4915,0
4918,1
4919,1
4920,1
4921,1
4922,0
4923,1
4924,1
4928,1
4929,1
4934,0
4935,1
4936,1
4937,1
4941,1
4942,1
4943,0
4944,1
4946,1
4950,1
4954,1
4957,1
4958,1
4959,0
4962,1
4963,1
4964,1
4966,1
4967,1
4969,1
4971,1
4972,1
4974,1
4975,1
4976,1
4979,1
4981,1
4982,1
4983,1
4986,0
4987,1
4989,0
4991,1
4992,1
4994,1
4995,1
4997,1
4999,1
5002,0
5004,1
5005,1
5006,1
5007,1
5008,1
5011,1
5015,0
5016,1
5019,1
5020,1
5021,1
5022,1
5024,1
5025,0
5031,1
5033,1
5035,1
5038,1
5040,1
5041,1
5044,1
5045,0
5046,1
5047,1
5049,1
5052,1
5053,1
5054,1
5056,1
5058,1
5059,1
5061,1
5063,0
5064,0
5065,1
5066,1
5069,1
5071,1
5073,1
5074,1
5075,1
5076,1
5077,1
5079,0
5080,1
5083,0
5087,1
5088,0
5093,1
5094,0
5096,1
5097,1
5100,1
5101,1
5102,1
5103,1
5104,1
5105,1
5106,1
5107,1
5109,1
5110,1
5111,0
5112,1
5114,1
5115,1
5116,1
5118,1
5121,0
5123,1
5124,1
5125,1
5126,1
5127,1
5131,1
5134,1
5135,0
5136,1
5137,0
5139,1
5140,1
5141,1
5144,1
5145,1
5146,1
5155,1
5157,1
5158,1
5160,0
5163,1
5165,0
5166,1
5169,0
5170,0
5171,0
5172,0
5173,1
5176,0
5178,0
5179,0
5180,0
5181,0
5183,0
5184,0
5187,1
5188,1
5189,0
5193,0
5196,0
5197,0
5198,0
5201,0
5202,0
5203,0
5204,1
5205,0
5206,0
5207,0
5208,0
5209,0
5210,0
5212,0
5216,0
5217,0
5218,0
5220,0
5221,0
5222,0
5223,0
5226,1
5227,0
5228,1
5230,0
5233,0
5236,0
5238,0
5241,0
5247,0
5248,0
5249,1
5252,0
5254,0
5255,0
5256,1
5257,0
5260,0
5267,0
5268,0
5269,0
5272,0
5274,0
5275,0
5276,0
5277,0
5281,0
5284,0
5290,0
5294,0
5298,0
5300,0
5306,0
5307,0
5310,0
5318,1
5320,0
5321,0
5322,1
5325,0
5329,0
5330,0
5333,0
5334,0
5337,0
5341,1
5343,0
5347,0
5349,0
5350,0
5353,0
5354,0
5357,0
5358,0
5361,0
5362,0
5363,0
5364,0
5369,1
5372,1
5374,1
5375,1
5376,0
5377,1
5379,0
5380,1
5382,0
5383,0
5384,1
5385,0
5389,0
5390,0
5391,0
5392,0
5393,0
5395,1
5397,1
5399,0
5401,0
5402,1
5403,0
5404,1
5405,0
5406,1
5407,0
5408,1
5410,0
5411,0
5413,1
5415,1
5416,0
5417,1
5418,0
5419,0
5424,1
5427,1
5430,0
5434,1
5442,1
5444,1
5445,1
5446,0
5449,0
5452,0
5455,0
5456,1
5458,1
5460,1
5461,1
5462,1
5463,0
5464,1
5467,0
5470,0
5471,0
5472,1
5475,0
5482,0
5484,0
5488,1
5489,1
5490,0
5491,1
5493,0
5499,1
5501,0
5503,1
5505,1
5506,1
5509,0
5510,0
5511,1
5513,0
5514,0
5517,1
5519,0
5520,0
5526,1
5531,0
5534,0
5536,0
5537,1
5538,0
5540,1
5541,0
5542,0
5543,1
5546,0
5548,1
5549,1
5550,0
5551,1
5556,0
5557,1
5559,0
5562,1
5564,1
5566,1
5567,0
5568,0
5570,0
5574,1
5579,0
5580,1
5581,0
5582,0
5583,0
5585,0
5586,0
5591,1
5592,0
5593,1
5594,1
5596,0
5597,0
5599,0
5600,0
5603,0
5604,0
5606,0
5609,1
5610,0
5615,1
5618,1
5619,0
5620,1
5627,1
5628,0
5631,1
5632,1
5633,1
5635,1
5637,1
5638,0
5640,1
5642,1
5645,1
5647,1
5649,0
5651,1
5652,1
5659,1
5660,1
5662,0
5663,0
5666,0
5667,0
5671,1
5673,1
5674,1
5675,0
5676,0
5677,1
5678,1
5680,0
5682,0
5686,0
5687,1
5689,1
5691,0
5692,0
5693,0
5694,1
5698,1
5699,0
5701,1
5703,1
5704,1
5706,1
5708,1
5710,0
5711,0
5713,0
5716,0
5717,0
5718,1
5720,0
5721,0
5722,0
5726,0
5727,1
5728,1
5732,0
5736,1
5739,0
5740,0
5741,0
5742,0
5746,0
5747,0
5749,0
5750,0
5752,0
5753,0
5754,0
5756,1
5757,0
5759,1
5763,0
5765,1
5766,0
5768,0
5769,0
5770,0
5771,0
5772,1
5773,0
5774,0
5775,0
5777,0
5779,1
5783,0
5784,1
5785,0
5787,0
5788,0
5789,0
5792,0
5796,0
5799,1
5800,0
5802,0
5803,0
5806,0
5810,0
5814,0
5816,0
5817,1
5818,1
5819,1
5820,0
5823,0
5824,0
5827,0
5829,0
5830,0
5831,0
5833,0
5834,1
5836,0
5839,0
5840,0
5843,0
5845,0
5849,0
5852,0
5853,0
5854,0
5856,0
5857,1
5859,0
5861,0
5863,0
5864,0
5865,0
5868,0
5869,0
5870,0
5874,0
5875,1
5876,0
5879,0
5880,0
5882,0
5883,0
5885,0
5886,0
5887,0
5888,0
5891,0
5893,0
5894,0
5895,0
5898,0
5899,0
5900,0
5901,0
5903,0
5905,0
5906,0
5910,0
5911,0
5912,0
5914,0
5918,0
5919,0
5922,0
5923,0
5924,1
5929,0
5931,1
5932,0
5933,0
5934,0
5937,0
5938,0
5942,0
5944,1
5945,0
5946,1
5947,0
5949,0
5953,0
5954,0
5957,0
5958,0
5961,0
5962,0
5963,1
5965,0
5966,0
5967,0
5970,1
5971,0
5972,0
5979,0
5980,0
5981,0
5984,0
5986,0
5987,0
5989,0
5990,0
5993,0
5994,0
5996,0
5998,0
6000,0
6001,0
6004,0
6005,1
6010,0
6012,0
6014,0
6015,0
6017,0
6021,1
6022,0
6023,0
6025,0
6026,0
6027,0
6028,0
6029,0
6030,0
6031,0
6033,0
6034,0
6038,0
6040,0
6042,0
6047,0
6048,0
6049,0
6053,0
6057,1
6060,0
6063,0
6064,0
6066,0
6067,0
6068,0
6069,0
6072,1
6073,0
6074,0
6075,0
6076,0
6081,0
6083,1
6085,0
6086,0
6089,0
6091,1
6092,0
6094,0
6095,0
6098,0
6099,0
6100,0
6101,0
6105,1
6106,0
6111,0
6112,0
6115,1
6116,0
6117,0
6118,0
6119,0
6120,0
6121,1
6124,0
6125,0
6126,0
6127,1
6128,0
6131,1
6133,0
6134,0
6135,1
6136,0
6137,0
6139,0
6142,0
6144,0
6145,1
6146,0
6147,0
6149,0
6151,0
6152,0
6154,0
6157,0
6158,0
6162,0
6163,1
6168,0
6169,0
6171,0
6172,0
6173,0
6180,0
6182,0
6183,0
6185,0
6186,0
6188,0
6189,0
6191,0
6192,0
6195,0
6197,0
6199,0
6202,0
6203,0
6206,0
6208,1
6209,0
6211,0
6214,0
6215,0
6216,0
6218,0
6219,1
6220,0
6221,0
6223,0
6224,0
6226,0
6228,0
6232,0
6235,0
6236,0
6237,0
6238,0
6241,1
6243,0
6245,0
6247,0
6248,0
6253,0
6255,0
6256,0
6258,0
6259,0
6260,0
6262,0
6263,1
6264,0
6266,0
6267,0
6269,0
6270,0
6274,0
6275,0
6276,0
6277,0
6280,0
6282,0
6284,0
6288,1
6289,0
6290,0
6291,0
6292,1
6295,0
6296,0
6297,0
6298,0
6302,0
6303,1
6304,0
6305,0
6306,1
6307,0
6308,0
6310,0
6311,0
6313,0
6316,0
6317,0
6318,1
6319,0
6320,0
6325,0
6328,0
6329,0
6330,1
6331,0
6332,0
6335,0
6336,1
6338,0
6339,1
6340,0
6343,0
6344,0
6345,0
6346,0
6347,0
6348,0
6349,0
6350,1
6352,0
6353,0
6354,0
6355,1
6356,0
6358,0
6361,0
6362,0
6363,0
6366,1
6368,0
6369,0
6373,0
6375,0
6377,0
6379,0
6380,0
6381,0
6382,0
6384,0
6388,0
6391,0
6392,0
6393,0
6395,0
6396,0
6400,0
6401,0
6403,0
6408,0
6410,0
6411,1
6413,0
6414,0
6416,0
6418,0
6419,0
6420,0
6421,0
6423,0
6424,1
6426,0
6428,0
6429,0
6430,0
6432,0
6435,0
6436,0
6439,0
6440,0
6441,0
6444,0
6445,0
6446,0
6452,0
6453,0
6454,0
6456,0
6457,0
6458,0
6459,0
6460,0
6461,0
6463,0
6466,0
6468,0
6470,0
6472,0
6474,0
6476,0
6478,0
6479,1
6480,0
6484,0
6487,0
6493,0
6494,0
6495,0
6496,0
6497,0
6498,0
6499,0
6502,0
6505,0
6506,1
6507,0
6508,0
6509,0
6510,0
6512,0
6513,0
6516,0
6521,1
6523,0
6524,0
6525,0
6527,1
6528,0
6530,0
6532,0
6534,0
6535,1
6537,0
6538,0
6540,0
6541,0
6543,0
6545,0
6546,0
6549,0
6550,0
6551,0
6552,0
6553,0
6555,0
6557,0
6561,0
6569,0
6571,0
6580,0
6581,0
6582,0
6583,0
6585,0
6591,0
6593,0
6594,0
6596,0
6599,0
6600,0
6602,0
6612,0
6614,0
6618,0
6622,0
6626,1
6627,0
6630,0
6631,1
6633,0
6634,0
6635,1
6637,0
6638,0
6640,0
6641,0
6642,1
6643,0
6645,0
6646,0
6648,0
6649,0
6651,0
6652,0
6657,0
6658,0
6661,0
6662,1
6665,1
6666,0
6667,0
6676,0
6677,0
6678,0
6679,0
6681,0
6685,0
6687,0
6688,1
6689,0
6690,0
6693,0
6694,0
6695,0
6698,1
6699,1
6703,0
6704,0
6705,0
6708,0
6711,0
6712,0
6713,0
6714,0
6715,0
6717,0
6721,0
6723,1
6725,0
6726,0
6727,0
6728,0
6729,0
6730,0
6732,0
6734,0
6736,0
6738,0
6739,0
6740,1
6741,0
6743,0
6745,0
6747,0
6749,0
6750,0
6751,0
6757,0
6759,0
6760,0
6761,0
6762,0
6765,0
6767,0
6771,0
6773,0
6774,0
6775,0
6777,0
6780,0
6781,0
6784,0
6788,0
6790,0
6792,0
6793,1
6795,0
6798,0
6799,0
6800,0
6802,0
6810,1
6813,0
6814,0
6816,0
6817,0
6821,1
6822,0
6824,0
6826,0
6830,0
6831,0
6832,0
6837,0
6840,0
6841,0
6845,0
6846,0
6849,0
6850,0
6851,0
6852,0
6853,0
6854,0
6856,0
6857,1
6861,0
6862,0
6864,0
6865,1
6866,1
6867,0
6869,0
6870,0
6871,0
6872,1
6875,0
6878,1
6879,0
6880,0
6881,0
6886,0
6887,0
6888,0
6890,1
6891,0
6893,1
6894,0
6895,0
6896,1
6897,0
6898,0
6901,0
6902,0
6903,0
6906,0
6907,0
6909,0
6911,1
6915,0
6918,0
6920,0
6922,0
6924,0
6925,0
6926,0
6928,0
6929,0
6930,0
6932,0
6933,0
6934,0
6935,0
6936,0
6939,0
6940,0
6942,0
6946,0
6949,0
6953,0
6955,1
6958,0
6959,1
6960,0
6961,0
6962,0
6967,0
6968,1
6971,0
6972,0
6973,0
6974,0
6976,0
6980,0
6982,0
6986,1
6988,0
6989,1
6992,0
6995,0
6996,0
6997,0
6998,0
7002,0
7004,0
7005,0
7006,0
7008,0
7010,0
7013,0
7016,0
7017,1
7018,0
7019,0
7020,0
7021,0
7024,0
7028,0
7029,1
7032,0
7033,1
7034,0
7038,0
7039,0
7040,0
7041,0
7042,0
7043,0
7044,0
7045,0
7046,0
7048,0
7050,0
7054,0
7061,0
7062,0
7064,0
7065,0
7066,0
7067,0
7069,0
7073,0
7074,0
7078,0
7079,0
7085,1
7087,0
7089,1
7091,0
7092,0
7093,0
7094,0
7095,0
7096,1
7097,0
7100,0
7102,0
7105,0
7106,0
7107,0
7108,0
7110,0
7113,0
7114,0
7116,0
7119,0
7120,0
7122,0
7123,1
7125,0
7131,0
7132,0
7133,0
7134,0
7136,0
7137,0
7138,0
7140,0
7141,1
7142,0
7143,0
7144,0
7145,0
7146,0
7148,0
7151,0
7153,0
7156,0
7157,1
7160,0
7163,0
7164,0
7166,0
7169,0
7170,0
7172,0
7173,0
7177,0
7180,0
7181,0
7182,0
7183,1
7184,0
7185,0
7188,0
7189,0
7190,1
7193,0
7194,0
7195,0
7196,0
7198,0
7201,0
7206,0
7207,0
7208,1
7211,0
7214,0
7216,0
7224,0
7226,0
7228,0
7229,0
7231,0
7232,0
7233,0
7234,0
7236,0
7237,0
7239,0
7240,1
7241,0
7244,0
7245,0
7249,0
7253,0
7259,0
7262,0
7264,0
7267,0
7268,0
7269,1
7270,0
7272,0
7273,0
7275,0
7277,0
7278,0
7279,0
7281,0
7283,0
7284,0
7287,0
7288,0
7289,0
7290,0
7291,0
7293,0
7294,0
7295,0
7300,1
7302,0
7304,0
7305,0
7306,0
7307,0
7308,0
7309,0
7311,0
7312,0
7315,0
7318,1
7321,0
7322,0
7323,0
7324,0
7325,0
7327,0
7328,0
7333,0
7334,0
7336,0
7338,0
7341,0
7344,0
7349,0
7354,0
7357,0
7359,0
7361,0
7362,0
7364,0
7366,0
7367,0
7368,0
7375,0
7376,0
7377,0
7380,0
7381,0
7382,1
7383,0
7384,0
7385,0
7386,0
7387,0
7389,1
7391,0
7393,0
7395,0
7399,0
7401,0
7403,0
7405,0
7406,0
7408,0
7409,0
7410,0
7412,0
7414,1
7420,0
7422,0
7423,0
7425,0
7426,0
7428,0
7429,0
7430,0
7431,0
7432,0
7433,0
7436,0
7437,0
7438,1
7440,0
7441,0
7442,0
7443,0
7447,0
7449,1
7453,0
7454,0
7456,0
7458,0
7459,0
7460,0
7463,0
7464,0
7466,0
7467,0
7471,0
7472,0
7473,0
7475,0
7476,0
7477,0
7479,0
7482,0
7484,0
7485,0
7487,0
7489,0
7490,0
7497,0
7498,0
7499,0
7500,0
7506,0
7507,0
7509,1
7510,0
7512,0
7513,0
7514,0
7515,0
7516,0
7517,0
7518,0
7519,0
7521,0
7522,0
7524,0
7527,0
7529,0
7530,0
7532,0
7533,0
7534,0
7535,0
7536,0
7537,0
7540,0
7541,0
7542,0
7543,0
7545,0
7546,0
7547,0
7549,0
7551,0
7554,0
7555,0
7556,0
7559,0
7560,0
7563,0
7564,0
7565,0
7566,0
7568,0
7570,0
7574,0
7576,1
7578,0
7581,1
7582,0
7583,0
7586,0
7587,0
7588,0
7589,0
7590,0
7591,0
7593,0
7594,0
7595,1
7597,0
7598,0
7602,1
7604,0
7606,0
7607,0
7608,0
7612,0
7613,0
7615,0
7616,0
7617,0
7619,0
7620,0
7623,0
7624,0
7625,0
7628,0
7629,1
7631,1
7635,1
7636,0
7637,0
7639,0
7640,0
7641,0
7642,1
7644,0
7650,0
7651,0
7654,0
7656,0
7657,0
7658,0
7661,0
7662,0
7664,0
7666,0
7667,0
7668,0
7669,0
7670,0
7672,0
7674,0
7675,0
7676,1
7677,0
7678,0
7679,0
7682,0
7685,0
7686,0
7687,0
7689,0
7691,0
7692,0
7693,0
7694,0
7695,0
7696,0
7697,0
7699,1
7700,0
7704,0
7710,0
7711,0
7712,0
7716,0
7718,0
7719,0
7720,0
7728,0
7729,0
7730,0
7734,0
7735,0
7741,1
7743,0
7744,0
7749,0
7750,0
7753,1
7754,0
7755,0
7756,0
7758,0
7759,0
7760,0
7761,0
7763,0
7764,0
7765,1
7766,0
7767,0
7768,0
7770,0
7772,0
7776,0
7781,0
7783,0
7784,0
7785,0
7789,0
7790,0
7792,0
7793,0
7794,0
7795,0
7796,0
7798,0
7800,0
7802,1
7804,0
7807,0
7808,1
7812,0
7813,0
7819,0
7823,0
7826,0
7827,0
7832,0
7837,0
7839,0
7841,1
7843,1
7845,0
7846,0
7848,0
7851,0
7852,0
7853,1
7854,0
7857,0
7860,0
7865,0
7866,0
7872,0
7873,1
7874,0
7875,0
7877,0
7878,1
7881,0
7882,1
7883,0
7884,0
7885,0
7888,0
7889,0
7892,0
7894,1
7896,0
7897,0
7898,0
7901,0
7902,0
7904,0
7908,0
7909,0
7911,0
7914,0
7915,0
7917,0
7919,0
7923,0
7925,0
7926,0
7928,0
7934,0
7935,0
7936,1
7939,1
7940,0
7942,0
7943,0
7944,0
7945,0
7946,0
7951,0
7953,0
7955,0
7957,0
7960,0
7961,0
7962,0
7964,1
7966,0
7968,0
7971,0
7972,0
7974,0
7978,0
7985,0
7986,0
7987,1
7988,0
7991,0
7998,0
7999,0
8000,1
8001,0
8002,0
8003,0
8004,0
8006,0
8007,0
8010,0
8011,0
8013,0
8014,0
8016,1
8017,0
8019,0
8020,0
8022,0
8024,0
8027,0
8028,0
8029,0
8030,0
8031,0
8032,0
8034,0
8036,1
8037,0
8040,1
8041,0
8043,0
8045,0
8046,1
8047,0
8049,0
8050,0
8055,0
8057,1
8058,0
8059,0
8061,1
8062,0
8063,0
8065,0
8069,1
8070,0
8073,0
8074,0
8076,1
8078,0
8079,0
8080,0
8081,0
8082,0
8083,0
8087,0
8093,0
8094,0
8097,0
8104,0
8105,0
8106,0
8107,0
8109,0
8110,0
8111,0
8112,1
8114,0
8115,0
8116,0
8118,0
8120,0
8121,0
8122,0
8123,0
8124,0
8126,0
8127,1
8128,0
8131,0
8132,0
8135,0
8136,1
8137,0
8139,0
8140,0
8142,0
8143,0
8144,1
8145,0
8146,0
8148,0
8149,0
8153,0
8156,0
8157,0
8159,0
8160,0
8161,1
8162,0
8163,1
8164,0
8165,0
8166,0
8169,0
8171,1
8173,0
8174,0
8175,0
8176,1
8180,0
8181,1
8183,0
8184,0
8185,0
8189,0
8190,0
8191,0
8192,1
8194,0
8197,0
8198,0
8200,0
8201,0
8203,0
8205,1
8206,0
8207,0
8208,0
8209,0
8210,0
8211,0
8213,0
8218,0
8219,0
8220,0
8221,0
8222,0
8223,0
8232,0
8238,0
8240,0
8243,0
8244,1
8245,0
8248,0
8249,0
8250,0
8251,0
8253,1
8255,1
8256,1
8257,0
8259,0
8261,0
8263,1
8264,0
8266,0
8268,0
8269,0
8270,0
8273,0
8275,0
8277,0
8278,0
8279,0
8280,0
8281,0
8282,0
8284,1
8285,0
8286,0
8287,0
8296,0
8299,0
8304,0
8307,0
8308,0
8311,1
8312,0
8315,0
8316,0
8318,0
8319,0
8320,0
8321,0
8322,0
8323,0
8324,1
8325,0
8326,1
8329,0
8333,0
8335,0
8336,0
8341,0
8343,0
8345,1
8350,1
8353,1
8354,0
8356,0
8358,0
8359,0
8360,0
8361,0
8362,0
8363,0
8368,0
8369,0
8370,0
8376,0
8379,0
8380,0
8381,0
8382,0
8384,0
8385,0
8386,0
8389,0
8390,0
8391,0
8392,0
8395,0
8397,0
8399,0
8401,1
8402,0
8403,0
8404,0
8405,0
8406,1
8410,0
8413,0
8417,0
8418,0
8420,0
8422,0
8423,0
8425,0
8427,0
8428,0
8429,0
8430,0
8431,0
8432,0
8433,0
8435,0
8438,0
8440,0
8445,0
8447,0
8449,0
8450,1
8451,0
8453,1
8455,0
8459,0
8460,0
8462,0
8463,0
8464,0
8465,1
8466,0
8467,0
8469,0
8470,1
8471,0
8473,1
8474,0
8477,0
8478,0
8481,1
8482,0
8483,0
8485,0
8486,0
8487,0
8491,0
8495,0
8498,0
8499,0
8500,0
8502,0
8503,0
8504,0
8505,0
8506,0
8508,0
8510,0
8511,0
8512,0
8513,0
8514,0
8515,0
8518,0
8519,0
8520,0
8521,0
8522,0
8526,0
8527,0
8530,0
8533,0
8534,0
8535,0
8536,0
8537,0
8538,0
8540,1
8541,0
8543,0
8544,0
8545,0
8551,0
8554,0
8556,0
8559,0
8560,0
8561,0
8564,0
8569,0
8570,0
8576,0
8577,0
8580,0
8582,0
8583,0
8586,1
8587,0
8589,1
8591,0
8592,0
8593,1
8594,0
8595,0
8597,0
8598,0
8600,0
8601,1
8603,0
8604,0
8606,0
8608,0
8609,0
8610,1
8611,0
8617,0
8620,0
8626,0
8627,0
8629,0
8630,1
8631,0
8633,0
8635,0
8637,0
8638,0
8641,0
8644,0
8645,0
8648,0
8652,0
8653,0
8654,0
8655,0
8657,0
8659,0
8661,0
8662,0
8667,0
8669,0
8671,0
8672,0
8675,0
8676,0
8681,0
8684,0
8685,0
8686,0
8687,1
8690,1
8695,0
8696,0
8699,0
8700,0
8702,0
8705,1
8708,0
8709,0
8714,1
8718,0
8720,0
8721,0
8724,0
8725,0
8728,0
8730,0
8731,0
8734,1
8737,0
8739,0
8741,1
8742,0
8745,0
8748,0
8749,0
8750,0
8751,0
8753,0
8755,0
8756,0
8759,0
8763,0
8765,0
8767,0
8772,1
8775,0
8777,0
8779,0
8783,0
8788,0
8789,0
8799,1
8802,0
8803,0
8806,0
8807,0
8808,0
8811,0
8812,0
8813,0
8814,0
8817,0
8819,0
8822,0
8823,0
8824,0
8828,0
8829,0
8832,0
8833,0
8834,1
8838,0
8840,0
8844,1
8847,0
8849,0
8851,0
8853,0
8855,0
8856,0
8857,0
8858,0
8859,0
8860,0
8864,0
8865,0
8867,0
8868,0
8870,0
8871,0
8872,0
8873,0
8874,0
8875,0
8877,0
8879,0
8880,0
8881,0
8882,0
8883,0
8884,0
8885,0
8891,0
8893,0
8894,0
8896,0
8899,1
8901,0
8905,0
8907,0
8914,0
8915,0
8916,0
8918,0
8920,0
8921,0
8925,0
8930,0
8933,0
8934,0
8935,0
8938,0
8939,1
8941,0
8945,1
8949,0
8950,0
8951,0
8953,0
8954,0
8955,0
8961,0
8962,0
8966,0
8968,1
8969,0
8970,0
8973,0
8975,0
8978,0
8979,0
8980,0
8981,0
8984,0
8985,1
8990,0
8991,0
8993,0
8995,0
8997,0
8999,0
9002,0
9004,0
9006,1
9010,0
9013,1
9018,1
9020,0
9023,0
9026,0
9027,0
9030,0
9031,0
9032,0
9034,0
9037,0
9042,0
9044,0
9045,0
9047,0
9048,0
9049,0
9053,0
9054,0
9058,0
9063,0
9067,0
9068,0
9071,0
9072,0
9075,0
9076,0
9079,0
9081,0
9082,0
9083,0
9084,0
9085,0
9086,0
9088,1
9089,0
9091,0
9092,1
9093,0
9094,0
9096,0
9097,0
9098,0
9099,0
9103,0
9104,0
9105,0
9109,0
9110,0
9111,0
9112,0
9113,0
9117,0
9122,1
9126,0
9127,0
9128,0
9131,0
9132,0
9133,1
9141,0
9145,0
9146,1
9148,0
9151,0
9152,0
9154,0
9155,0
9157,0
9159,0
9160,0
9161,0
9163,0
9164,1
9165,0
9167,0
9175,1
9176,0
9177,0
9179,0
9180,0
9181,0
9183,0
9184,0
9185,0
9186,0
9187,0
9193,0
9195,0
9199,0
9200,0
9201,0
9202,0
9204,0
9206,0
9208,0
9217,1
9219,0
9220,0
9221,0
9222,0
9227,0
9228,0
9231,0
9235,0
9238,0
9239,0
9240,0
9243,0
9245,0
9248,0
9250,0
9252,0
9255,0
9256,0
9257,0
9259,0
9261,0
9263,0
9265,1
9267,0
9268,0
9270,0
9271,0
9272,0
9274,0
9275,1
9276,0
9277,0
9278,0
9281,0
9282,0
9283,0
9285,0
9287,0
9288,0
9290,0
9291,0
9292,0
9293,0
9294,0
9295,0
9296,0
9297,0
9298,0
9302,0
9304,0
9306,0
9308,0
9316,0
9317,0
9318,1
9319,0
9320,0
9321,1
9322,0
9323,0
9326,0
9334,0
9336,0
9341,0
9342,1
9343,0
9344,1
9348,1
9351,0
9352,0
9354,0
9355,0
9356,0
9357,1
9362,0
9366,0
9370,1
9372,0
9373,0
9376,0
9377,0
9380,0
9381,0
9386,0
9389,0
9390,0
9391,0
9392,0
9393,0
9394,1
9398,0
9401,1
9404,1
9405,0
9406,0
9407,0
9410,0
9411,0
9413,0
9414,0
9415,0
9419,0
9423,0
9424,0
9428,0
9436,0
9437,0
9438,0
9439,0
9441,0
9442,1
9443,0
9447,0
9448,1
9450,0
9452,0
9453,0
9455,0
9457,0
9459,0
9460,1
9462,0
9463,0
9464,0
9465,0
9466,0
9468,0
9471,0
9478,1
9479,0
9480,0
9486,0
9488,0
9490,1
9491,0
9492,0
9494,0
9495,0
9497,0
9499,0
9500,0
9505,1
9511,0
9512,1
9513,0
9514,0
9517,0
9518,0
9520,0
9525,0
9526,0
9527,0
9528,0
9529,1
9535,0
9537,0
9538,0
9540,1
9542,0
9544,0
9547,0
9549,0
9550,0
9553,0
9555,0
9556,0
9558,0
9559,0
9563,0
9566,0
9569,0
9570,0
9571,0
9573,0
9575,0
9576,0
9577,0
9578,0
9579,0
9580,1
9581,0
9583,0
9585,1
9586,0
9588,0
9589,0
9590,0
9592,0
9594,0
9595,0
9596,1
9597,1
9599,0
9604,0
9605,1
9610,1
9612,0
9613,0
9615,0
9617,0
9618,0
9621,0
9622,0
9624,0
9625,1
9626,0
9628,1
9629,0
9631,0
9635,0
9640,0
9641,0
9644,0
9646,0
9649,0
9650,0
9652,0
9653,0
9654,0
9655,0
9659,0
9660,0
9661,0
9662,0
9664,0
9665,0
9666,0
9668,0
9669,0
9671,1
9672,0
9677,0
9681,1
9682,0
9683,0
9686,0
9688,0
9695,0
9696,0
9697,0
9699,0
9700,0
9703,0
9707,0
9709,0
9711,1
9713,0
9714,0
9717,1
9720,0
9721,0
9723,0
9727,0
9729,0
9730,0
9732,0
9733,0
9736,0
9738,0
9739,1
9740,0
9744,0
9745,0
9746,0
9748,0
9750,0
9753,0
9754,1
9755,0
9757,0
9758,0
9760,0
9761,0
9763,1
9765,0
9767,0
9768,1
9769,0
9770,0
9771,0
9773,0
9774,0
9777,0
9778,1
9781,0
9782,1
9784,0
9788,1
9791,0
9793,0
9795,0
9798,0
9800,0
9802,0
9806,0
9808,0
9809,0
9811,0
9812,0
9814,0
9817,0
9819,0
9821,0
9822,0
9823,0
9824,0
9825,0
9826,0
9827,0
9828,0
9829,0
9833,0
9835,0
9836,0
9837,0
9839,0
9840,0
9844,0
9845,0
9846,0
9847,0
9848,0
9849,0
9851,0
9854,0
9857,0
9858,0
9860,0
9861,0
9862,0
9867,1
9871,0
9874,0
9875,0
9877,0
9879,0
9882,0
9884,0
9885,0
9889,0
9891,0
9897,0
9898,0
9899,0
9901,0
9911,0
9912,1
9914,0
9915,0
9916,0
9918,1
9922,0
9928,0
9935,1
9936,0
9938,0
9940,0
9941,0
9942,0
9948,0
9949,0
9951,0
9953,0
9954,0
9956,0
9958,0
9961,0
9963,0
9965,0
9967,1
9970,0
9971,0
9972,0
9974,0
9976,0
9981,1
9982,0
9983,0
9990,0
9993,1
9994,0
9996,0
9997,0
9999,0
10000,0
10002,0
10003,0
10006,0
10008,0
10010,0
10011,0
10014,0
10015,0
10017,0
10019,0
10021,1
10023,0
10024,0
10025,0
10026,0
10027,0
10029,0
10031,0
10033,0
10034,0
10036,0
10040,0
10042,0
10043,0
10044,0
10047,0
10049,0
10050,1
10051,0
10055,0
10059,0
10061,0
10065,0
10066,0
10067,0
10068,0
10071,0
10072,1
10073,1
10074,0
10075,0
10076,1
10083,0
10089,0
10090,0
10091,0
10092,0
10094,0
10097,0
10098,0
10101,0
10102,1
10105,0
10106,0
10108,0
10115,0
10116,0
10118,0
10119,1
10120,0
10125,0
10126,0
10127,0
10128,0
10132,0
10134,0
10135,0
10139,0
10140,1
10141,0
10143,0
10145,0
10146,0
10147,0
10153,0
10156,0
10157,0
10160,0
10165,0
10172,0
10173,0
10174,0
10178,0
10179,0
10182,0
10183,0
10187,0
10189,0
10191,0
10194,0
10195,0
10196,0
10197,0
10198,0
10199,1
10200,0
10201,0
10204,1
10205,0
10208,0
10209,0
10211,0
10216,0