_ID_,_VAL_
2,1
3,1
4,0
6,0
7,1
8,0
12,0
13,1
15,1
16,0
17,1
18,0
19,0
26,1
27,1
30,1
33,0
34,0
36,1
37,0
40,0
43,0
44,1
45,0
47,0
51,1
53,0
57,0
60,1
62,0
64,0
65,1
66,0
67,0
71,1
72,0
75,1
80,1
83,1
86,1
87,1
92,0
95,0
97,0
99,1
101,0
102,0
105,1
110,1
111,0
112,0
115,0
116,1
118,1
120,0
121,1
123,0
125,0
127,0
128,1
131,1
133,0
135,1
140,1
145,1
146,0
147,0
150,0
151,1
155,0
156,0
158,1
159,0
161,0
164,1
165,0
167,0
170,0
171,0
172,1
173,1
174,0
175,0
176,1
179,0
182,1
185,0
188,1
189,1
191,0
192,0
193,0
194,1
195,0
197,0
199,0
201,1
202,1
203,0
208,0
209,0
210,0
212,1
213,1
214,0
218,0
220,0
222,1
223,0
226,0
231,0
232,0
233,1
234,1
236,1
238,0
240,0
244,0
245,0
246,1
248,1
251,0
257,0
258,0
260,0
261,1
263,1
264,1
266,0
268,0
270,0
271,0
275,1
276,1
280,1
282,0
283,0
284,1
286,0
287,1
288,0
289,1
290,1
291,1
292,1
293,1
298,1
303,1
306,1
309,0
311,1
316,1
317,0
318,0
319,0
320,1
321,1
323,1
324,1
326,1
327,1
330,1
332,1
334,1
336,0
337,0
338,1
339,0
342,0
344,1
345,1
348,0
350,1
352,0
353,0
355,1
360,1
361,1
362,1
365,1
367,1
371,0
372,0
374,1
379,1
381,0
383,1
384,1
385,1
387,0
389,0
391,0
397,0
398,1
400,1
403,0
404,1
405,1
407,0
408,0
409,0
411,0
413,1
414,1
415,1
418,1
423,0
425,1
426,1
431,1
433,1
434,0
439,0
445,1
446,0
447,0
451,0
453,0
457,1
463,1
465,0
467,0
468,1
469,1
470,0
474,0
475,0
478,1
479,1
482,1
487,1
488,0
489,1
491,1
492,1
493,0
495,1
496,1
497,1
499,1
501,0
502,1
503,1
507,0
508,1
510,1
511,1
514,1
515,1
516,1
519,1
524,0
526,1
527,1
530,0
533,1
535,0
537,0
538,0
540,1
541,1
550,1
551,1
552,0
557,0
559,0
560,0
565,1
566,0
567,1
571,0
572,1
575,1
576,1
577,0
580,0
583,1
584,0
587,1
588,0
589,0
590,1
591,1
592,0
593,1
597,1
598,1
599,1
602,1
603,1
604,1
605,1
606,1
608,1
613,0
615,0
616,1
617,1
619,0
620,1
621,1
623,1
627,1
628,1
629,1
630,0
631,1
633,1
634,1
639,1
640,1
644,0
647,0
648,1
651,1
656,0
657,1
658,0
659,1
660,1
661,0
662,1
664,0
666,1
668,0
673,1
674,0
675,0
678,1
683,0
684,1
685,1
686,0
687,1
689,0
694,0
705,1
706,0
709,1
711,0
712,0
713,0
720,0
723,1
725,0
727,0
733,1
734,1
737,0
738,0
739,1
741,0
742,0
746,0
747,1
748,1
752,0
755,0
758,1
760,1
761,1
762,1
764,1
766,0
768,0
769,0
770,0
774,1
775,1
776,1
778,1
779,0
781,0
782,1
783,1
784,1
785,0
788,1
790,0
792,1
793,1
795,0
796,1
797,1
798,1
800,1
801,1
803,0
805,1
806,0
807,1
810,0
813,1
816,1
818,1
821,0
822,1
824,0
825,1
827,1
829,0
831,1
832,1
833,1
835,1
837,0
838,1
841,1
843,1
844,0
845,1
846,1
848,1
849,1
852,0
853,0
854,1
855,1
856,0
860,1
862,1
863,1
864,1
867,0
868,1
869,1
872,1
874,0
875,1
877,1
879,1
880,1
881,0
882,1
883,1
888,0
891,0
892,1
893,0
894,0
895,1
897,0
898,1
899,1
900,0
904,0
908,1
909,0
910,1
915,1
916,0
917,1
919,1
920,1
922,0
923,0
924,1
928,0
930,0
931,0
933,1
935,0
936,1
938,1
940,1
942,1
943,1
945,0
947,0
949,1
950,1
952,0
953,1
957,0
958,1
962,0
963,1
964,1
965,0
969,1
970,1
971,0
972,0
974,0
977,1
979,1
980,1
981,1
982,0
983,0
984,0
986,0
987,0
988,0
989,1
990,1
991,1
992,1
993,0
994,1
996,0
998,1
999,1
1003,0
1008,0
1009,1
1011,1
1015,0
1017,0
1018,1
1019,0
1021,0
1022,0
1023,0
1025,1
1027,0
1028,0
1030,1
1031,1
1033,0
1034,0
1036,1
1038,1
1043,1
1044,0
1045,0
1046,1
1049,1
1051,0
1059,0
1060,1
1062,0
1063,0
1064,1
1067,1
1069,1
1071,0
1072,1
1073,1
1074,1
1075,1
1078,1
1080,1
1081,1
1082,0
1083,1
1084,1
1087,1
1088,1
1089,1
1091,1
1092,0
1093,1
1094,0
1097,0
1099,1
1102,0
1111,1
1112,0
1114,1
1115,0
1118,1
1119,0
1120,1
1121,0
1123,1
1124,0
1126,1
1127,1
1131,0
1134,1
1136,1
1137,1
1138,1
1140,1
1146,1
1148,0
1150,1
1152,1
1155,0
1156,1
1157,1
1161,1
1163,1
1165,0
1166,1
1168,0
1169,0
1170,0
1171,1
1174,1
1178,0
1179,0
1182,1
1183,1
1184,1
1185,1
1187,1
1188,1
1189,1
1190,1
1191,0
1192,0
1193,1
1196,0
1198,0
1200,0
1202,1
1208,1
1209,1
1210,0
1212,1
1215,1
1222,0
1224,1
1226,1
1227,1
1228,0
1229,1
1230,0
1232,1
1239,1
1241,1
1242,1
1243,1
1245,0
1247,0
1249,1
1254,1
1258,0
1259,1
1264,1
1268,1
1269,1
1273,0
1275,1
1276,1
1277,1
1279,1
1280,0
1281,1
1282,0
1285,0
1291,1
1292,0
1293,1
1294,1
1296,1
1298,0
1301,0
1305,0
1306,1
1307,1
1308,0
1310,1
1311,0
1313,1
1319,1
1322,0
1323,1
1325,0
1327,1
1331,0
1334,1
1335,1
1336,1
1338,1
1341,1
1342,0
1343,0
1344,1
1345,1
1347,0
1349,0
1350,0
1351,1
1353,1
1354,0
1356,0
1358,1
1359,0
1361,0
1364,0
1366,1
1372,0
1375,0
1376,0
1380,0
1381,0
1382,1
1383,1
1384,0
1385,0
1386,1
1387,1
1389,0
1391,1
1392,0
1394,1
1395,1
1400,1
1402,1
1404,1
1405,0
1409,1
1414,1
1418,1
1419,0
1423,0
1425,0
1426,0
1427,0
1428,1
1429,1
1431,1
1432,1
1433,0
1435,1
1437,1
1438,1
1440,1
1444,0
1445,1
1446,1
1447,1
1450,0
1453,1
1455,0
1456,1
1457,0
1458,1
1459,1
1461,1
1462,1
1463,0
1464,0
1465,1
1466,1
1467,0
1470,1
1471,1
1474,1
1476,1
1483,0
1485,0
1487,1
1488,0
1489,1
1490,0
1492,1
1493,0
1497,0
1498,1
1499,0
1500,1
1502,1
1503,1
1504,1
1505,1
1506,1
1507,1
1508,0
1509,1
1511,1
1512,0
1513,0
1516,0
1519,0
1520,0
1522,0
1526,1
1527,0
1528,1
1530,0
1532,1
1533,1
1534,0
1535,0
1537,1
1540,0
1541,1
1542,1
1543,1
1548,1
1549,1
1551,0
1554,1
1556,0
1557,0
1558,1
1560,0
1561,0
1562,1
1563,0
1567,1
1568,0
1569,0
1571,0
1573,0
1575,0
1577,0
1579,1
1580,0
1582,0
1584,0
1586,1
1587,1
1588,0
1589,1
1590,1
1593,1
1597,1
1598,1
1599,1
1601,0
1604,0
1605,1
1606,1
1607,1
1614,1
1615,1
1616,1
1623,1
1624,1
1627,0
1629,1
1630,0
1632,1
1633,0
1634,0
1635,0
1638,1
1641,0
1642,1
1643,1
1644,1
1648,1
1650,0
1651,0
1654,0
1655,1
1656,1
1657,1
1658,0
1659,1
1660,0
1664,0
1667,0
1670,1
1672,1
1674,1
1675,0
1676,1
1677,0
1680,1
1684,1
1685,1
1687,0
1688,0
1689,0
1690,0
1691,1
1692,0
1693,1
1694,0
1696,1
1701,0
1702,0
1705,0
1706,0
1707,1
1708,1
1709,0
1713,0
1714,1
1715,1
1716,1
1717,1
1719,1
1721,1
1723,0
1725,1
1726,1
1727,0
1728,0
1729,1
1731,1
1732,0
1733,0
1734,0
1735,0
1737,0
1738,0
1741,1
1742,1
1743,1
1745,0
1746,1
1747,1
1748,0
1749,0
1750,1
1752,0
1754,1
1757,0
1759,1
1761,0
1762,0
1763,1
1766,0
1767,0
1771,1
1773,0
1774,1
1775,0
1776,0
1779,0
1780,0
1783,1
1784,1
1788,0
1789,1
1790,1
1791,0
1792,0
1795,1
1796,1
1797,1
1801,1
1802,0
1803,0
1805,0
1807,0
1808,1
1810,1
1811,1
1815,0
1817,0
1821,1
1822,0
1825,0
1826,1
1827,1
1829,0
1835,0
1840,0
1841,0
1843,0
1844,1
1845,0
1855,1
1857,0
1860,0
1861,1
1863,0
1864,1
1866,0
1867,1
1869,0
1872,1
1874,0
1878,1
1881,0
1883,1
1886,0
1888,0
1889,0
1891,0
1892,1
1893,0
1894,1
1896,0
1897,0
1899,1
1900,0
1901,1
1903,0
1904,1
1908,0
1911,0
1913,1
1914,0
1916,1
1917,1
1923,1
1924,1
1925,1
1926,0
1927,1
1928,0
1929,0
1930,1
1932,0
1935,1
1937,1
1938,1
1940,0
1941,0
1942,1
1943,0
1945,1
1948,1
1950,1
1952,1
1953,0
1954,1
1956,0
1963,0
1964,1
1965,1
1966,0
1967,1
1968,1
1969,1
1970,1
1971,1
1977,1
1979,1
1980,1
1982,0
1983,0
1985,1
1986,1
1987,1
1992,0
1994,0
1995,1
1996,1
1999,0
2002,0
2003,0
2008,0
2009,0
2010,1
2015,1
2016,0
2022,0
2024,0
2025,0
2028,1
2029,1
2032,1
2033,0
2034,0
2035,0
2036,1
2037,1
2039,0
2041,1
2042,1
2048,0
2049,0
2050,1
2051,1
2053,1
2054,1
2057,1
2058,0
2059,1
2060,1
2061,0
2067,0
2069,1
2070,0
2074,0
2075,0
2077,1
2079,1
2081,0
2082,1
2084,1
2088,1
2090,1
2091,1
2092,0
2094,0
2095,1
2097,0
2099,1
2104,0
2105,0
2108,1
2109,1
2110,0
2111,0
2117,1
2118,0
2120,1
2122,0
2124,1
2130,1
2132,1
2133,1
2134,1
2136,0
2138,1
2139,0
2141,0
2144,0
2146,1
2147,1
2151,1
2152,0
2153,1
2154,1
2156,1
2159,1
2161,0
2162,1
2164,0
2165,1
2167,1
2169,1
2170,0
2171,0
2172,1
2173,0
2178,0
2180,1
2181,1
2182,1
2183,1
2184,1
2185,1
2186,0
2187,0
2189,1
2194,1
2195,1
2197,1
2198,1
2200,0
2202,0
2203,0
2204,0
2205,0
2206,1
2207,0
2211,1
2213,1
2214,0
2218,1
2219,1
2220,1
2221,1
2222,1
2225,0
2232,0
2236,0
2239,1
2240,1
2242,1
2243,0
2245,0
2246,1
2247,1
2248,1
2251,1
2252,1
2255,0
2256,0
2259,1
2262,1
2263,1
2264,0
2266,0
2269,1
2270,1
2271,1
2272,1
2273,1
2274,0
2280,1
2281,1
2286,0
2287,0
2288,0
2289,1
2290,0
2295,1
2296,0
2300,1
2301,1
2303,1
2304,0
2307,1
2310,0
2311,0
2314,0
2317,1
2318,0
2319,0
2321,1
2324,1
2325,1
2326,1
2327,1
2328,1
2329,0
2330,0
2335,0
2336,1
2341,0
2342,0
2343,0
2347,0
2349,0
2350,0
2352,1
2354,1
2355,0
2361,0
2363,1
2365,1
2367,0
2368,0
2375,0
2376,1
2379,0
2382,0
2384,1
2386,1
2388,1
2389,0
2391,0
2394,1
2395,0
2397,1
2398,0
2399,1
2402,1
2405,0
2408,1
2411,0
2417,0
2420,0
2421,1
2423,1
2425,0
2426,0
2429,0
2431,0
2435,1
2437,0
2439,0
2441,0
2443,0
2447,0
2450,1
2451,1
2455,1
2456,1
2459,1
2460,1
2461,0
2463,1
2465,1
2466,1
2470,0
2472,0
2478,1
2481,1
2482,1
2485,1
2488,0
2489,0
2492,1
2495,0
2497,0
2499,0
2500,1
2502,0
2503,0
2505,1
2510,1
2511,1
2512,1
2513,0
2514,1
2515,0
2516,1
2520,0
2522,1
2526,0
2531,1
2534,1
2535,1
2537,1
2539,0
2542,1
2544,1
2546,0
2550,1
2552,0
2553,1
2554,0
2555,1
2557,1
2558,0
2559,1
2562,1
2563,0
2564,1
2565,1
2566,0
2567,0
2568,1
2569,1
2571,1
2573,0
2574,0
2575,1
2576,1
2578,1
2582,1
2583,1
2585,0
2588,0
2590,0
2591,0
2593,0
2594,1
2599,1
2603,1
2606,1
2607,0
2608,0
2610,0
2612,1
2613,0
2618,1
2619,1
2623,0
2624,1
2626,1
2627,0
2628,0
2630,1
2631,0
2634,1
2638,1
2639,1
2640,1
2641,1
2642,1
2644,0
2645,0
2648,0
2649,0
2651,0
2653,0
2654,0
2656,0
2658,1
2659,1
2660,1
2662,1
2663,0
2667,1
2668,0
2669,1
2671,1
2672,0
2677,0
2680,0
2681,0
2684,1
2685,0
2687,0
2692,0
2697,0
2698,1
2706,0
2707,1
2708,1
2711,1
2712,1
2716,1
2717,0
2720,0
2723,0
2728,1
2731,1
2732,0
2734,1
2740,0
2742,1
2744,1
2748,1
2750,1
2751,1
2755,1
2757,0
2761,0
2762,0
2764,1
2766,0
2768,1
2769,0
2773,1
2775,0
2779,1
2782,1
2785,0
2786,0
2788,1
2789,1
2790,0
2791,1
2792,1
2794,0
2795,1
2796,1
2797,0
2798,0
2799,1
2800,1
2801,0
2805,1
2807,0
2810,0
2814,0
2815,0
2819,1
2821,0
2822,1
2824,1
2830,0
2831,1
2833,0
2834,0
2835,1
2836,1
2837,1
2839,0
2842,1
2844,1
2845,0
2848,0
2849,1
2852,0
2858,1
2859,0
2860,0
2861,1
2862,0
2867,0
2868,0
2869,1
2870,1
2872,1
2873,0
2877,1
2880,0
2881,1
2882,0
2885,1
2888,0
2891,1
2893,1
2895,0
2896,1
2898,0
2901,1
2903,0
2904,0
2905,0
2909,0
2917,1
2918,1
2920,0
2921,0
2924,0
2925,1
2928,0
2930,1
2932,0
2933,1
2936,1
2938,1
2940,0
2941,0
2943,0
2948,0
2950,1
2951,1
2953,0
2955,1
2957,1
2959,1
2960,1
2961,1
2965,1
2969,0
2970,1
2971,0
2973,0
2974,0
2978,0
2979,0
2981,0
2983,1
2984,1
2985,1
2986,1
2987,0
2988,1
2989,0
2991,0
2992,1
2994,1
2998,0
2999,1
3000,1
3001,0
3003,1
3004,1
3006,0
3007,0
3011,0
3012,1
3014,0
3017,0
3018,1
3021,0
3023,0
3026,0
3028,0
3029,0
3031,1
3035,1
3036,1
3037,1
3038,1
3041,1
3042,0
3044,1
3046,1
3049,0
3050,1
3052,1
3053,0
3054,0
3056,0
3058,1
3059,1
3060,0
3063,1
3067,1
3068,0
3073,1
3076,1
3077,1
3078,1
3080,0
3081,1
3083,1
3084,0
3085,0
3090,0
3091,1
3093,0
3095,0
3098,1
3099,1
3101,0
3102,0
3104,1
3107,1
3109,1
3110,1
3113,1
3117,0
3119,1
3124,1
3125,0
3126,0
3128,1
3133,1
3136,1
3137,1
3138,0
3139,1
3140,0
3141,0
3145,1
3147,1
3149,1
3150,1
3151,0
3152,1
3153,1
3154,0
3156,0
3158,1
3160,1
3161,0
3165,1
3166,1
3169,1
3170,0
3173,1
3175,0
3176,1
3177,0
3178,1
3179,1
3180,0
3181,0
3183,1
3185,0
3186,0
3187,1
3190,1
3196,0
3199,1
3203,0
3204,1
3208,1
3209,0
3210,0
3211,0
3213,0
3215,0
3216,1
3218,1
3219,0
3220,1
3222,1
3223,1
3225,1
3227,0
3229,1
3232,1
3233,0
3234,1
3235,1
3237,0
3238,0
3240,1
3241,1
3242,0
3244,0
3245,1
3246,0
3247,0
3249,1
3250,0
3253,1
3254,1
3256,0
3261,1
3263,1
3265,0
3266,0
3269,1
3273,0
3274,1
3277,0
3278,1
3279,0
3283,1
3286,0
3287,0
3289,0
3296,1
3297,1
3305,0
3306,0
3307,0
3308,1
3310,1
3312,0
3314,0
3315,0
3316,0
3318,1
3325,1
3326,0
3327,1
3328,0
3329,0
3330,1
3332,1
3333,1
3334,0
3337,0
3342,1
3343,1
3344,0
3347,0
3348,0
3350,0
3354,0
3356,0
3357,1
3359,0
3360,1
3361,0
3363,1
3367,1
3368,1
3370,0
3371,1
3372,0
3375,1
3378,0
3380,0
3383,0
3384,1
3385,0
3386,1
3388,1
3391,0
3394,1
3396,0
3398,1
3400,1
3401,1
3402,1
3405,1
3406,0
3407,1
3410,0
3412,0
3413,1
3414,1
3417,0
3418,0
3422,1
3425,1
3426,1
3434,1
3439,1
3440,1
3441,1
3442,1
3444,1
3445,0
3449,0
3451,1
3452,1
3454,0
3455,0
3457,1
3459,1
3460,0
3461,1
3462,1
3463,1
3464,0
3465,0
3468,0
3470,1
3472,1
3473,1
3475,0
3476,0
3479,0
3480,1
3482,1
3484,1
3485,1
3486,0
3489,0
3490,1
3491,1
3495,1
3496,0
3498,1
3501,0
3504,1
3512,0
3514,0
3515,1
3516,0
3517,1
3518,1
3520,1
3521,1
3525,0
3528,0
3530,1
3531,1
3536,0
3537,0
3538,1
3542,0
3544,1
3545,1
3547,1
3549,1
3550,0
3557,1
3558,0
3559,1
3563,1
3564,1
3566,0
3568,1
3570,1
3573,0
3575,0
3577,1
3579,1
3580,1
3581,1
3582,1
3584,1
3587,1
3589,1
3592,0
3594,1
3598,0
3599,1
3602,1
3603,1
3604,0
3605,0
3607,1
3608,1
3609,0
3611,1
3614,1
3615,1
3616,0
3617,1
3619,1
3623,1
3625,0
3626,0
3629,0
3630,1
3631,1
3632,1
3634,1
3636,1
3637,1
3639,1
3640,0
3641,0
3643,0
3644,1
3645,1
3646,0
3648,1
3649,1
3651,1
3654,0
3655,0
3658,1
3659,0
3660,1
3661,1
3662,1
3664,0
3666,1
3669,0
3670,1
3671,1
3673,0
3675,1
3677,0
3678,1
3679,0
3680,1
3682,0
3683,0
3684,1
3687,1
3689,0
3691,1
3693,1
3695,1
3698,1
3699,0
3700,1
3701,0
3702,0
3705,1
3706,1
3708,0
3709,0
3710,0
3712,0
3713,0
3714,1
3718,1
3721,0
3722,0
3725,1
3728,1
3730,1
3732,0
3733,0
3734,1
3735,1
3737,1
3738,1
3741,1
3743,1
3744,0
3747,1
3749,1
3750,1
3752,1
3753,1
3756,1
3757,0
3758,0
3760,0
3761,1
3762,1
3765,1
3767,0
3770,1
3771,1
3772,0
3773,0
3774,1
3776,1
3777,1
3778,1
3779,0
3781,0
3784,1
3785,0
3787,0
3789,1
3790,1
3793,1
3797,1
3801,0
3802,1
3805,0
3807,1
3809,0
3810,1
3812,1
3814,1
3817,1
3818,1
3820,0
3827,1
3828,0
3831,1
3832,1
3834,0
3835,1
3836,1
3837,1
3838,1
3839,1
3840,1
3841,1
3845,1
3847,0
3848,0
3849,1
3850,1
3856,0
3862,0
3865,1
3866,1
3867,0
3869,1
3870,1
3872,0
3873,1
3874,1
3876,1
3878,0
3879,1
3886,0
3888,0
3889,1
3890,0
3892,1
3893,1
3897,0
3898,1
3902,0
3903,1
3905,0
3908,1
3909,0
3910,1
3915,0
3916,1
3920,0
3921,1
3923,1
3924,0
3926,1
3927,1
3931,0
3933,0
3936,0
3938,0
3939,1
3940,1
3941,1
3942,0
3946,0
3947,0
3948,1
3949,1
3950,1
3951,1
3952,1
3955,0
3960,1
3962,1
3963,0
3964,1
3966,0
3967,0
3970,0
3971,0
3974,1
3975,1
3976,0
3978,0
3980,1
3983,1
3987,1
3989,0
3990,0
3991,0
3993,0
3994,0
3995,1
3996,0
3999,0
4001,1
4002,1
4006,1
4007,0
4010,1
4011,0
4013,0
4015,1
4016,0
4018,1
4019,0
4020,0
4021,1
4022,0
4024,1
4027,1
4030,0
4034,0
4038,0
4044,1
4046,0
4047,0
4048,0
4052,1
4053,0
4054,1
4055,1
4056,0
4057,0
4064,0
4069,1
4070,1
4074,0
4076,1
4077,1
4078,0
4079,1
4080,0
4081,0
4082,1
4083,1
4085,0
4087,1
4089,1
4091,1
4094,1
4095,1
4096,1
4097,1
4098,1
4102,0
4104,0
4106,0
4110,0
4112,1
4114,0
4115,1
4118,0
4119,1
4122,1
4125,0
4126,0
4128,1
4129,1
4130,1
4131,1
4133,0
4134,1
4137,1
4139,0
4143,1
4145,0
4146,1
4147,0
4150,1
4151,0
4153,0
4155,1
4157,1
4158,1
4160,1
4161,0
4162,1
4167,1
4168,1
4173,0
4174,1
4175,1
4179,1
4181,0
4184,1
4185,0
4186,1
4187,0
4188,0
4189,1
4191,1
4193,1
4194,0
4196,0
4198,1
4203,1
4209,0
4212,0
4215,1
4217,1
4218,0
4220,1
4223,1
4224,1
4225,0
4226,1
4228,1
4230,1
4232,0
4235,1
4236,1
4239,0
4240,0
4241,0
4242,0
4243,1
4245,1
4246,0
4247,1
4250,1
4251,0
4253,1
4254,0
4255,0
4257,1
4258,1
4259,1
4262,1
4264,1
4266,1
4267,1
4275,0
4276,1
4278,0
4281,1
4282,0
4283,1
4284,1
4286,1
4287,1
4290,0
4291,1
4293,1
4294,0
4297,0
4302,0
4303,1
4305,0
4309,0
4311,1
4312,1
4314,1
4318,0
4320,1
4321,1
4322,1
4325,1
4326,1
4331,0
4332,0
4333,1
4334,1
4338,0
4339,1
4341,0
4342,0
4343,1
4345,1
4350,0
4351,1
4352,0
4356,0
4359,1
4362,1
4363,0
4364,0
4367,0
4369,0
4371,1
4374,0
4375,0
4377,0
4381,1
4383,1
4385,1
4386,1
4387,0
4389,1
4390,1
4394,1
4396,1
4397,1
4399,0
4404,1
4407,0
4408,1
4409,1
4410,1
4412,1
4413,1
4415,1
4416,1
4417,0
4420,0
4422,0
4423,0
4425,0
4427,0
4429,1
4431,1
4434,1
4436,1
4437,0
4439,1
4443,1
4448,1
4450,0
4451,1
4455,1
4457,1
4459,1
4460,1
4461,1
4462,0
4463,1
4465,1
4471,0
4475,1
4476,1
4477,1
4478,1
4481,1
4482,1
4484,0
4485,1
4487,0
4489,1
4490,1
4491,0
4492,0
4494,0
4495,0
4496,0
4497,1
4498,0
4505,0
4506,0
4507,1
4508,1
4509,1
4512,0
4516,0
4517,0
4520,0
4521,0
4522,0
4523,1
4524,1
4525,1
4526,0
4528,0
4530,1
4531,0
4532,0
4534,0
4535,0
4538,0
4539,1
4542,1
4545,0
4548,0
4553,0
4555,0
4556,0
4557,1
4558,0
4559,0
4561,0
4562,0
4567,0
4568,1
4571,1
4572,0
4573,0
4579,1
4580,1
4581,0
4582,1
4583,0
4584,1
4586,1
4587,1
4589,1
4590,0
4591,0
4592,0
4594,0
4596,0
4599,0
4603,1
4606,0
4608,1
4609,1
4613,1
4614,1
4616,1
4617,1
4618,0
4619,0
4620,1
4621,1
4625,1
4626,1
4627,1
4629,0
4630,1
4631,1
4632,1
4633,1
4635,1
4636,1
4640,0
4641,0
4644,0
4645,1
4648,1
4654,1
4657,1
4661,1
4662,1
4663,0
4669,1
4670,1
4673,1
4674,0
4675,1
4678,0
4679,0
4681,1
4687,1
4688,1
4692,0
4694,1
4697,1
4701,0
4703,0
4704,1
4706,1
4707,0
4708,0
4709,0
4710,1
4711,0
4712,1
4713,0
4714,0
4715,0
4718,0
4720,0
4722,1
4724,0
4733,1
4734,1
4735,0
4736,0
4739,0
4740,1
4741,0
4742,0
4744,1
4745,1
4749,1
4755,0
4761,1
4765,1
4767,0
4769,0
4770,1
4771,0
4773,1
4774,1
4775,0
4776,1
4777,0
4778,0
4779,0
4780,1
4782,1
4784,0
4785,0
4786,1
4787,0
4791,1
4792,0
4795,1
4797,1
4798,1
4799,1
4801,1
4802,1
4805,1
4814,1
4815,1
4816,0
4818,1
4822,0
4823,0
4826,1
4827,0
4829,0
4835,1
4836,1
4845,0
4848,0
4851,1
4852,0
4853,1
4854,1
4855,1
4856,1
4857,1
4858,1
4860,1
4868,1
4869,0
4871,1
4873,0
4878,1
4880,0
4881,1
4886,1
4887,0
4888,1
4889,1
4890,1
4892,1
4893,1
4896,1
4897,0
4900,0
4901,1
4902,0
4903,1
4904,1
4905,1
4907,1
4908,1
4910,1
4912,1
4914,0
4915,0
4918,1
4919,1
4920,1
4921,1
4922,0
4923,0
4924,1
4928,1
4929,0
4934,0
4935,0
4936,0
4937,0
4941,0
4942,1
4943,0
4944,0
4946,0
4950,1
4954,0
4957,0
4958,1
4959,0
4962,1
4963,1
4964,1
4966,1
4967,1
4969,1
4971,1
4972,1
4974,0
4975,1
4976,1
4979,1
4981,1
4982,1
4983,0
4986,1
4987,0
4989,1
4991,0
4992,1
4994,1
4995,1
4997,0
4999,0
5002,0
5004,0
5005,1
5006,1
5007,0
5008,1
5011,1
5015,0
5016,1
5019,1
5020,1
5021,1
5022,0
5024,1
5025,0
5031,1
5033,1
5035,1
5038,1
5040,0
5041,0
5044,1
5045,1
5046,1
5047,1
5049,0
5052,1
5053,0
5054,1
5056,0
5058,1
5059,1
5061,0
5063,0
5064,0
5065,0
5066,1
5069,0
5071,0
5073,0
5074,1
5075,1
5076,0
5077,1
5079,1
5080,1
5083,0
5087,0
5088,0
5093,1
5094,1
5096,0
5097,1
5100,1
5101,0
5102,0
5103,1
5104,0
5105,0
5106,1
5107,0
5109,1
5110,1
5111,0
5112,0
5114,0
5115,1
5116,1
5118,0
5121,0
5123,0
5124,0
5125,0
5126,0
5127,1
5131,1
5134,1
5135,0
5136,0
5137,1
5139,0
5140,0
5141,1
5144,0
5145,1
5146,0
5155,0
5157,0
5158,0
5160,0
5163,0
5165,0
5166,1
5169,1
5170,1
5171,0
5172,1
5173,1
5176,0
5178,0
5179,0
5180,1
5181,0
5183,1
5184,0
5187,0
5188,1
5189,0
5193,0
5196,1
5197,0
5198,0
5201,0
5202,0
5203,1
5204,1
5205,0
5206,0
5207,1
5208,0
5209,0
5210,0
5212,0
5216,0
5217,1
5218,0
5220,1
5221,1
5222,1
5223,1
5226,0
5227,1
5228,0
5230,0
5233,1
5236,1
5238,0
5241,0
5247,0
5248,0
5249,0
5252,0
5254,0
5255,1
5256,1
5257,1
5260,1
5267,1
5268,0
5269,0
5272,0
5274,1
5275,1
5276,0
5277,1
5281,0
5284,0
5290,1
5294,0
5298,0
5300,0
5306,1
5307,0
5310,1
5318,1
5320,1
5321,0
5322,0
5325,0
5329,0
5330,0
5333,0
5334,0
5337,0
5341,0
5343,0
5347,1
5349,1
5350,0
5353,0
5354,1
5357,1
5358,0
5361,0
5362,1
5363,0
5364,1
5369,0
5372,0
5374,1
5375,0
5376,1
5377,0
5379,1
5380,0
5382,0
5383,0
5384,0
5385,0
5389,1
5390,1
5391,0
5392,0
5393,0
5395,0
5397,0
5399,0
5401,0
5402,0
5403,0
5404,0
5405,0
5406,1
5407,1
5408,1
5410,0
5411,0
5413,1
5415,1
5416,0
5417,0
5418,0
5419,0
5424,0
5427,1
5430,0
5434,0
5442,0
5444,1
5445,1
5446,0
5449,0
5452,0
5455,0
5456,0
5458,1
5460,1
5461,1
5462,1
5463,0
5464,1
5467,1
5470,0
5471,0
5472,1
5475,0
5482,0
5484,0
5488,0
5489,0
5490,1
5491,1
5493,1
5499,0
5501,0
5503,0
5505,0
5506,0
5509,0
5510,0
5511,1
5513,1
5514,0
5517,0
5519,1
5520,1
5526,0
5531,1
5534,0
5536,0
5537,0
5538,1
5540,0
5541,0
5542,0
5543,0
5546,0
5548,0
5549,1
5550,0
5551,1
5556,0
5557,1
5559,1
5562,1
5564,0
5566,1
5567,0
5568,0
5570,0
5574,1
5579,0
5580,1
5581,0
5582,0
5583,0
5585,0
5586,1
5591,0
5592,0
5593,1
5594,1
5596,0
5597,0
5599,0
5600,1
5603,0
5604,1
5606,1
5609,1
5610,0
5615,0
5618,0
5619,1
5620,0
5627,1
5628,0
5631,0
5632,1
5633,1
5635,1
5637,1
5638,1
5640,0
5642,0
5645,1
5647,0
5649,1
5651,0
5652,1
5659,0
5660,1
5662,0
5663,0
5666,1
5667,0
5671,1
5673,1
5674,0
5675,1
5676,0
5677,0
5678,0
5680,0
5682,1
5686,0
5687,0
5689,1
5691,1
5692,0
5693,0
5694,0
5698,0
5699,0
5701,0
5703,1
5704,0
5706,0
5708,1
5710,0
5711,0
5713,0
5716,1
5717,0
5718,0
5720,0
5721,0
5722,0
5726,1
5727,0
5728,0
5732,0
5736,0
5739,1
5740,0
5741,1
5742,0
5746,0
5747,1
5749,1
5750,0
5752,0
5753,1
5754,0
5756,0
5757,0
5759,1
5763,0
5765,1
5766,0
5768,0
5769,1
5770,0
5771,0
5772,1
5773,1
5774,0
5775,0
5777,1
5779,1
5783,1
5784,0
5785,1
5787,1
5788,1
5789,0
5792,0
5796,0
5799,0
5800,0
5802,0
5803,1
5806,0
5810,0
5814,0
5816,0
5817,0
5818,0
5819,0
5820,0
5823,0
5824,0
5827,1
5829,0
5830,0
5831,1
5833,0
5834,1
5836,0
5839,0
5840,0
5843,0
5845,1
5849,0
5852,0
5853,0
5854,1
5856,0
5857,0
5859,0
5861,0
5863,0
5864,0
5865,0
5868,0
5869,0
5870,0
5874,1
5875,0
5876,1
5879,1
5880,0
5882,1
5883,1
5885,1
5886,1
5887,1
5888,1
5891,0
5893,0
5894,0
5895,1
5898,1
5899,1
5900,0
5901,1
5903,0
5905,0
5906,0
5910,1
5911,1
5912,1
5914,1
5918,0
5919,0
5922,0
5923,1
5924,1
5929,1
5931,1
5932,1
5933,0
5934,0
5937,0
5938,0
5942,0
5944,0
5945,0
5946,1
5947,0
5949,0
5953,0
5954,1
5957,0
5958,0
5961,0
5962,0
5963,0
5965,0
5966,0
5967,0
5970,0
5971,0
5972,1
5979,0
5980,1
5981,0
5984,1
5986,1
5987,0
5989,1
5990,1
5993,1
5994,0
5996,0
5998,0
6000,0
6001,0
6004,0
6005,0
6010,0
6012,1
6014,1
6015,1
6017,1
6021,0
6022,1
6023,1
6025,0
6026,1
6027,0
6028,0
6029,1
6030,0
6031,0
6033,0
6034,0
6038,0
6040,0
6042,1
6047,1
6048,1
6049,1
6053,0
6057,0
6060,0
6063,0
6064,0
6066,0
6067,1
6068,0
6069,1
6072,0
6073,1
6074,1
6075,0
6076,0
6081,1
6083,0
6085,0
6086,1
6089,0
6091,0
6092,0
6094,0
6095,1
6098,1
6099,0
6100,0
6101,1
6105,0
6106,0
6111,1
6112,1
6115,0
6116,1
6117,0
6118,0
6119,0
6120,1
6121,0
6124,0
6125,1
6126,0
6127,0
6128,1
6131,0
6133,0
6134,0
6135,1
6136,0
6137,0
6139,1
6142,0
6144,0
6145,1
6146,0
6147,1
6149,1
6151,0
6152,1
6154,0
6157,0
6158,0
6162,1
6163,0
6168,0
6169,1
6171,0
6172,0
6173,0
6180,1
6182,0
6183,0
6185,0
6186,1
6188,0
6189,1
6191,1
6192,0
6195,0
6197,0
6199,0
6202,0
6203,1
6206,0
6208,0
6209,0
6211,1
6214,1
6215,0
6216,0
6218,0
6219,0
6220,0
6221,1
6223,1
6224,0
6226,0
6228,0
6232,1
6235,1
6236,0
6237,0
6238,0
6241,0
6243,1
6245,1
6247,1
6248,0
6253,0
6255,1
6256,1
6258,0
6259,0
6260,1
6262,0
6263,0
6264,0
6266,1
6267,0
6269,0
6270,1
6274,1
6275,0
6276,0
6277,0
6280,1
6282,0
6284,0
6288,1
6289,1
6290,0
6291,0
6292,0
6295,0
6296,0
6297,0
6298,1
6302,0
6303,1
6304,0
6305,1
6306,0
6307,0
6308,0
6310,0
6311,1
6313,0
6316,0
6317,1
6318,1
6319,0
6320,0
6325,0
6328,0
6329,0
6330,0
6331,0
6332,1
6335,1
6336,1
6338,0
6339,1
6340,1
6343,0
6344,0
6345,0
6346,0
6347,1
6348,0
6349,1
6350,0
6352,1
6353,0
6354,1
6355,1
6356,0
6358,0
6361,1
6362,0
6363,1
6366,0
6368,1
6369,1
6373,1
6375,0
6377,1
6379,0
6380,0
6381,1
6382,0
6384,0
6388,0
6391,0
6392,0
6393,0
6395,1
6396,1
6400,1
6401,1
6403,1
6408,1
6410,0
6411,1
6413,1
6414,0
6416,0
6418,0
6419,0
6420,0
6421,1
6423,0
6424,1
6426,1
6428,0
6429,1
6430,1
6432,1
6435,0
6436,0
6439,1
6440,0
6441,1
6444,0
6445,1
6446,1
6452,0
6453,0
6454,1
6456,0
6457,0
6458,0
6459,1
6460,0
6461,0
6463,0
6466,0
6468,0
6470,0
6472,0
6474,0
6476,0
6478,1
6479,0
6480,0
6484,1
6487,0
6493,1
6494,0
6495,0
6496,1
6497,1
6498,0
6499,0
6502,0
6505,1
6506,1
6507,0
6508,0
6509,0
6510,1
6512,0
6513,1
6516,0
6521,1
6523,0
6524,0
6525,0
6527,0
6528,1
6530,0
6532,0
6534,0
6535,1
6537,0
6538,1
6540,0
6541,0
6543,0
6545,0
6546,1
6549,0
6550,0
6551,1
6552,1
6553,1
6555,1
6557,1
6561,0
6569,0
6571,0
6580,1
6581,1
6582,0
6583,0
6585,0
6591,1
6593,0
6594,0
6596,0
6599,0
6600,0
6602,0
6612,0
6614,0
6618,0
6622,1
6626,0
6627,0
6630,1
6631,1
6633,0
6634,1
6635,0
6637,0
6638,0
6640,0
6641,0
6642,0
6643,1
6645,0
6646,0
6648,1
6649,0
6651,0
6652,1
6657,0
6658,0
6661,0
6662,1
6665,1
6666,1
6667,1
6676,0
6677,0
6678,1
6679,1
6681,1
6685,1
6687,0
6688,0
6689,0
6690,1
6693,1
6694,0
6695,0
6698,1
6699,1
6703,0
6704,1
6705,0
6708,0
6711,1
6712,0
6713,1
6714,0
6715,0
6717,0
6721,1
6723,0
6725,0
6726,0
6727,0
6728,0
6729,0
6730,1
6732,0
6734,0
6736,0
6738,1
6739,0
6740,1
6741,0
6743,0
6745,1
6747,0
6749,0
6750,0
6751,0
6757,0
6759,0
6760,0
6761,0
6762,0
6765,0
6767,1
6771,0
6773,0
6774,1
6775,0
6777,1
6780,0
6781,0
6784,0
6788,0
6790,1
6792,0
6793,0
6795,0
6798,0
6799,0
6800,1
6802,0
6810,0
6813,0
6814,0
6816,1
6817,0
6821,0
6822,0
6824,1
6826,0
6830,0
6831,0
6832,0
6837,1
6840,0
6841,0
6845,0
6846,0
6849,0
6850,0
6851,0
6852,0
6853,0
6854,0
6856,0
6857,0
6861,1
6862,0
6864,0
6865,0
6866,0
6867,0
6869,0
6870,1
6871,1
6872,0
6875,1
6878,1
6879,1
6880,0
6881,0
6886,0
6887,0
6888,0
6890,0
6891,0
6893,1
6894,1
6895,0
6896,1
6897,0
6898,1
6901,1
6902,0
6903,1
6906,0
6907,0
6909,0
6911,0
6915,0
6918,0
6920,1
6922,0
6924,0
6925,1
6926,0
6928,0
6929,0
6930,1
6932,0
6933,0
6934,1
6935,0
6936,0
6939,0
6940,0
6942,0
6946,0
6949,0
6953,1
6955,0
6958,0
6959,0
6960,0
6961,0
6962,0
6967,0
6968,0
6971,0
6972,0
6973,0
6974,1
6976,1
6980,0
6982,1
6986,0
6988,0
6989,1
6992,0
6995,0
6996,0
6997,0
6998,1
7002,1
7004,0
7005,1
7006,0
7008,1
7010,0
7013,0
7016,0
7017,0
7018,1
7019,0
7020,0
7021,0
7024,0
7028,0
7029,0
7032,0
7033,1
7034,0
7038,0
7039,0
7040,0
7041,1
7042,0
7043,0
7044,1
7045,0
7046,1
7048,1
7050,0
7054,0
7061,1
7062,0
7064,0
7065,0
7066,0
7067,1
7069,0
7073,1
7074,1
7078,0
7079,0
7085,0
7087,0
7089,1
7091,0
7092,1
7093,1
7094,0
7095,0
7096,0
7097,0
7100,1
7102,1
7105,0
7106,1
7107,1
7108,0
7110,1
7113,0
7114,0
7116,0
7119,0
7120,1
7122,0
7123,0
7125,1
7131,1
7132,0
7133,0
7134,0
7136,0
7137,1
7138,1
7140,1
7141,0
7142,0
7143,0
7144,0
7145,0
7146,1
7148,0
7151,1
7153,1
7156,0
7157,0
7160,1
7163,0
7164,0
7166,1
7169,1
7170,0
7172,0
7173,0
7177,1
7180,0
7181,1
7182,1
7183,0
7184,0
7185,0
7188,0
7189,1
7190,0
7193,0
7194,0
7195,0
7196,0
7198,0
7201,0
7206,0
7207,0
7208,0
7211,1
7214,0
7216,1
7224,1
7226,1
7228,0
7229,0
7231,0
7232,0
7233,1
7234,0
7236,0
7237,1
7239,0
7240,0
7241,0
7244,0
7245,1
7249,1
7253,0
7259,1
7262,1
7264,0
7267,1
7268,1
7269,0
7270,1
7272,0
7273,0
7275,0
7277,0
7278,0
7279,0
7281,0
7283,0
7284,1
7287,0
7288,1
7289,1
7290,1
7291,1
7293,0
7294,1
7295,0
7300,0
7302,1
7304,1
7305,1
7306,1
7307,0
7308,1
7309,0
7311,1
7312,0
7315,0
7318,1
7321,0
7322,1
7323,0
7324,0
7325,0
7327,0
7328,0
7333,0
7334,1
7336,1
7338,1
7341,1
7344,1
7349,0
7354,0
7357,0
7359,1
7361,0
7362,1
7364,0
7366,0
7367,0
7368,0
7375,0
7376,1
7377,0
7380,0
7381,1
7382,0
7383,1
7384,0
7385,0
7386,0
7387,1
7389,0
7391,1
7393,0
7395,0
7399,0
7401,1
7403,0
7405,0
7406,0
7408,1
7409,1
7410,0
7412,0
7414,1
7420,0
7422,1
7423,0
7425,1
7426,0
7428,0
7429,1
7430,0
7431,0
7432,1
7433,1
7436,1
7437,0
7438,0
7440,1
7441,0
7442,0
7443,0
7447,1
7449,1
7453,0
7454,0
7456,1
7458,0
7459,0
7460,0
7463,1
7464,0
7466,0
7467,1
7471,1
7472,1
7473,0
7475,0
7476,0
7477,1
7479,1
7482,0
7484,1
7485,0
7487,1
7489,0
7490,1
7497,1
7498,0
7499,0
7500,0
7506,0
7507,0
7509,0
7510,0
7512,0
7513,0
7514,0
7515,0
7516,0
7517,0
7518,1
7519,1
7521,1
7522,0
7524,0
7527,0
7529,1
7530,1
7532,0
7533,0
7534,1
7535,1
7536,1
7537,0
7540,0
7541,0
7542,1
7543,1
7545,1
7546,0
7547,0
7549,0
7551,0
7554,1
7555,0
7556,0
7559,0
7560,0
7563,0
7564,1
7565,0
7566,1
7568,0
7570,0
7574,1
7576,1
7578,0
7581,0
7582,1
7583,1
7586,1
7587,0
7588,1
7589,0
7590,0
7591,1
7593,0
7594,1
7595,0
7597,0
7598,0
7602,0
7604,0
7606,0
7607,0
7608,0
7612,0
7613,1
7615,1
7616,0
7617,0
7619,0
7620,0
7623,0
7624,1
7625,0
7628,1
7629,0
7631,0
7635,0
7636,0
7637,1
7639,0
7640,0
7641,1
7642,1
7644,0
7650,1
7651,0
7654,0
7656,0
7657,0
7658,0
7661,0
7662,0
7664,1
7666,0
7667,1
7668,1
7669,1
7670,0
7672,0
7674,1
7675,1
7676,1
7677,1
7678,0
7679,1
7682,0
7685,0
7686,0
7687,0
7689,0
7691,1
7692,0
7693,1
7694,1
7695,1
7696,0
7697,0
7699,1
7700,0
7704,0
7710,0
7711,0
7712,0
7716,0
7718,1
7719,1
7720,0
7728,0
7729,1
7730,0
7734,0
7735,0
7741,0
7743,0
7744,1
7749,0
7750,1
7753,0
7754,1
7755,1
7756,0
7758,0
7759,1
7760,0
7761,1
7763,0
7764,1
7765,1
7766,0
7767,0
7768,1
7770,1
7772,0
7776,1
7781,1
7783,0
7784,0
7785,1
7789,0
7790,0
7792,0
7793,0
7794,1
7795,0
7796,1
7798,0
7800,1
7802,0
7804,0
7807,0
7808,0
7812,1
7813,0
7819,0
7823,0
7826,0
7827,0
7832,0
7837,1
7839,0
7841,0
7843,1
7845,1
7846,1
7848,1
7851,0
7852,0
7853,0
7854,0
7857,0
7860,0
7865,0
7866,0
7872,0
7873,0
7874,0
7875,1
7877,0
7878,0
7881,0
7882,1
7883,1
7884,0
7885,0
7888,0
7889,0
7892,0
7894,1
7896,0
7897,1
7898,1
7901,1
7902,1
7904,1
7908,1
7909,0
7911,0
7914,1
7915,0
7917,1
7919,0
7923,0
7925,1
7926,0
7928,0
7934,0
7935,0
7936,0
7939,0
7940,0
7942,0
7943,0
7944,0
7945,0
7946,1
7951,0
7953,0
7955,0
7957,1
7960,0
7961,0
7962,0
7964,1
7966,0
7968,0
7971,0
7972,1
7974,0
7978,1
7985,0
7986,1
7987,0
7988,0
7991,0
7998,0
7999,0
8000,1
8001,0
8002,0
8003,0
8004,0
8006,0
8007,0
8010,1
8011,1
8013,1
8014,1
8016,0
8017,1
8019,1
8020,1
8022,0
8024,0
8027,1
8028,1
8029,0
8030,0
8031,0
8032,0
8034,0
8036,0
8037,0
8040,0
8041,0
8043,0
8045,1
8046,0
8047,0
8049,0
8050,0
8055,0
8057,0
8058,1
8059,1
8061,1
8062,1
8063,0
8065,0
8069,1
8070,1
8073,0
8074,0
8076,1
8078,0
8079,0
8080,1
8081,0
8082,1
8083,0
8087,1
8093,0
8094,0
8097,0
8104,0
8105,0
8106,0
8107,1
8109,0
8110,1
8111,0
8112,0
8114,0
8115,0
8116,1
8118,0
8120,0
8121,0
8122,1
8123,0
8124,1
8126,1
8127,1
8128,0
8131,0
8132,1
8135,0
8136,0
8137,0
8139,1
8140,1
8142,1
8143,1
8144,0
8145,0
8146,1
8148,1
8149,1
8153,1
8156,0
8157,1
8159,1
8160,0
8161,1
8162,0
8163,0
8164,0
8165,1
8166,1
8169,0
8171,0
8173,1
8174,1
8175,1
8176,0
8180,1
8181,0
8183,0
8184,0
8185,1
8189,0
8190,0
8191,0
8192,1
8194,0
8197,0
8198,1
8200,1
8201,1
8203,0
8205,1
8206,0
8207,0
8208,0
8209,1
8210,1
8211,0
8213,0
8218,0
8219,0
8220,0
8221,1
8222,1
8223,0
8232,0
8238,0
8240,0
8243,1
8244,0
8245,1
8248,0
8249,1
8250,1
8251,0
8253,0
8255,0
8256,1
8257,1
8259,1
8261,0
8263,0
8264,0
8266,0
8268,1
8269,1
8270,0
8273,1
8275,0
8277,1
8278,0
8279,0
8280,1
8281,1
8282,1
8284,1
8285,0
8286,0
8287,0
8296,1
8299,0
8304,0
8307,0
8308,1
8311,0
8312,0
8315,0
8316,1
8318,1
8319,0
8320,1
8321,0
8322,0
8323,1
8324,0
8325,1
8326,0
8329,1
8333,1
8335,0
8336,1
8341,0
8343,0
8345,0
8350,0
8353,0
8354,0
8356,0
8358,1
8359,0
8360,0
8361,1
8362,0
8363,1
8368,0
8369,0
8370,0
8376,1
8379,1
8380,1
8381,0
8382,0
8384,0
8385,0
8386,1
8389,0
8390,0
8391,0
8392,0
8395,1
8397,0
8399,0
8401,0
8402,0
8403,0
8404,0
8405,0
8406,0
8410,1
8413,0
8417,1
8418,0
8420,0
8422,0
8423,1
8425,1
8427,0
8428,1
8429,0
8430,0
8431,0
8432,1
8433,0
8435,0
8438,0
8440,1
8445,0
8447,0
8449,0
8450,1
8451,0
8453,1
8455,0
8459,0
8460,0
8462,0
8463,0
8464,0
8465,1
8466,1
8467,1
8469,0
8470,0
8471,0
8473,1
8474,1
8477,1
8478,0
8481,1
8482,1
8483,1
8485,1
8486,0
8487,0
8491,1
8495,1
8498,1
8499,0
8500,1
8502,0
8503,0
8504,0
8505,0
8506,0
8508,0
8510,0
8511,1
8512,0
8513,1
8514,0
8515,1
8518,1
8519,0
8520,0
8521,0
8522,0
8526,1
8527,0
8530,1
8533,0
8534,0
8535,0
8536,0
8537,0
8538,1
8540,0
8541,1
8543,1
8544,1
8545,0
8551,0
8554,1
8556,0
8559,1
8560,1
8561,0
8564,1
8569,0
8570,0
8576,1
8577,0
8580,0
8582,0
8583,0
8586,0
8587,1
8589,1
8591,1
8592,1
8593,0
8594,0
8595,0
8597,0
8598,1
8600,1
8601,1
8603,0
8604,1
8606,0
8608,0
8609,0
8610,1
8611,1
8617,1
8620,0
8626,0
8627,1
8629,0
8630,0
8631,1
8633,0
8635,0
8637,0
8638,1
8641,0
8644,0
8645,0
8648,0
8652,0
8653,1
8654,0
8655,0
8657,1
8659,1
8661,0
8662,0
8667,0
8669,0
8671,1
8672,0
8675,1
8676,0
8681,0
8684,1
8685,0
8686,0
8687,1
8690,0
8695,0
8696,0
8699,1
8700,1
8702,0
8705,0
8708,0
8709,0
8714,0
8718,0
8720,0
8721,0
8724,0
8725,1
8728,0
8730,0
8731,1
8734,1
8737,1
8739,0
8741,1
8742,0
8745,0
8748,1
8749,1
8750,0
8751,1
8753,0
8755,0
8756,0
8759,0
8763,1
8765,0
8767,0
8772,0
8775,1
8777,0
8779,0
8783,1
8788,0
8789,0
8799,1
8802,0
8803,1
8806,1
8807,0
8808,0
8811,0
8812,0
8813,0
8814,0
8817,0
8819,1
8822,0
8823,1
8824,0
8828,0
8829,0
8832,0
8833,0
8834,0
8838,0
8840,1
8844,1
8847,0
8849,1
8851,0
8853,0
8855,1
8856,1
8857,1
8858,0
8859,1
8860,0
8864,1
8865,0
8867,0
8868,0
8870,0
8871,0
8872,0
8873,0
8874,1
8875,0
8877,0
8879,0
8880,1
8881,0
8882,0
8883,0
8884,0
8885,0
8891,1
8893,1
8894,0
8896,1
8899,1
8901,0
8905,1
8907,0
8914,0
8915,0
8916,0
8918,1
8920,0
8921,1
8925,0
8930,0
8933,0
8934,1
8935,1
8938,0
8939,1
8941,0
8945,0
8949,1
8950,0
8951,1
8953,0
8954,0
8955,1
8961,0
8962,1
8966,0
8968,0
8969,1
8970,0
8973,1
8975,1
8978,0
8979,0
8980,0
8981,0
8984,0
8985,0
8990,0
8991,0
8993,0
8995,0
8997,0
8999,0
9002,0
9004,1
9006,0
9010,0
9013,1
9018,0
9020,0
9023,1
9026,1
9027,0
9030,0
9031,1
9032,0
9034,0
9037,0
9042,0
9044,1
9045,0
9047,0
9048,0
9049,0
9053,0
9054,1
9058,1
9063,0
9067,0
9068,1
9071,0
9072,1
9075,0
9076,0
9079,0
9081,0
9082,0
9083,1
9084,0
9085,1
9086,0
9088,0
9089,1
9091,1
9092,1
9093,0
9094,0
9096,1
9097,0
9098,0
9099,0
9103,0
9104,0
9105,1
9109,0
9110,1
9111,0
9112,0
9113,1
9117,1
9122,0
9126,0
9127,0
9128,1
9131,0
9132,0
9133,1
9141,1
9145,1
9146,0
9148,1
9151,0
9152,1
9154,0
9155,0
9157,0
9159,1
9160,0
9161,0
9163,0
9164,0
9165,0
9167,1
9175,1
9176,0
9177,0
9179,0
9180,1
9181,0
9183,0
9184,0
9185,1
9186,0
9187,1
9193,0
9195,1
9199,1
9200,1
9201,1
9202,0
9204,0
9206,1
9208,0
9217,0
9219,0
9220,0
9221,1
9222,0
9227,0
9228,0
9231,0
9235,0
9238,1
9239,1
9240,0
9243,1
9245,1
9248,0
9250,1
9252,0
9255,0
9256,1
9257,0
9259,0
9261,1
9263,1
9265,1
9267,0
9268,1
9270,1
9271,0
9272,1
9274,0
9275,0
9276,0
9277,0
9278,1
9281,0
9282,0
9283,0
9285,0
9287,0
9288,0
9290,1
9291,1
9292,0
9293,1
9294,0
9295,1
9296,0
9297,1
9298,1
9302,1
9304,0
9306,0
9308,0
9316,0
9317,1
9318,0
9319,0
9320,0
9321,0
9322,0
9323,0
9326,1
9334,1
9336,1
9341,0
9342,1
9343,1
9344,0
9348,0
9351,0
9352,0
9354,1
9355,1
9356,0
9357,0
9362,0
9366,0
9370,1
9372,1
9373,1
9376,0
9377,0
9380,0
9381,0
9386,0
9389,1
9390,0
9391,0
9392,0
9393,0
9394,1
9398,0
9401,0
9404,0
9405,0
9406,1
9407,0
9410,0
9411,1
9413,0
9414,0
9415,1
9419,0
9423,0
9424,0
9428,0
9436,0
9437,0
9438,0
9439,0
9441,0
9442,1
9443,0
9447,0
9448,1
9450,1
9452,0
9453,1
9455,0
9457,0
9459,1
9460,1
9462,0
9463,0
9464,0
9465,1
9466,0
9468,0
9471,0
9478,0
9479,1
9480,1
9486,1
9488,1
9490,0
9491,0
9492,0
9494,0
9495,1
9497,1
9499,1
9500,0
9505,1
9511,0
9512,1
9513,0
9514,0
9517,0
9518,0
9520,1
9525,0
9526,0
9527,1
9528,1
9529,0
9535,1
9537,0
9538,1
9540,0
9542,1
9544,0
9547,0
9549,1
9550,1
9553,0
9555,0
9556,1
9558,1
9559,0
9563,0
9566,0
9569,1
9570,1
9571,0
9573,1
9575,0
9576,0
9577,0
9578,0
9579,1
9580,0
9581,0
9583,1
9585,0
9586,0
9588,0
9589,0
9590,0
9592,0
9594,0
9595,0
9596,0
9597,0
9599,0
9604,0
9605,1
9610,1
9612,0
9613,0
9615,0
9617,0
9618,1
9621,1
9622,0
9624,0
9625,1
9626,1
9628,0
9629,1
9631,1
9635,1
9640,1
9641,0
9644,1
9646,0
9649,1
9650,0
9652,1
9653,0
9654,0
9655,0
9659,0
9660,1
9661,0
9662,1
9664,1
9665,1
9666,1
9668,0
9669,0
9671,0
9672,1
9677,0
9681,0
9682,0
9683,0
9686,0
9688,0
9695,0
9696,0
9697,0
9699,0
9700,1
9703,0
9707,0
9709,0
9711,0
9713,1
9714,0
9717,0
9720,0
9721,1
9723,1
9727,0
9729,1
9730,0
9732,1
9733,1
9736,0
9738,1
9739,0
9740,0
9744,0
9745,0
9746,0
9748,0
9750,0
9753,0
9754,0
9755,0
9757,0
9758,0
9760,1
9761,1
9763,1
9765,0
9767,0
9768,0
9769,0
9770,0
9771,1
9773,1
9774,1
9777,1
9778,1
9781,1
9782,1
9784,0
9788,1
9791,0
9793,0
9795,1
9798,1
9800,1
9802,0
9806,1
9808,0
9809,1
9811,0
9812,0
9814,1
9817,1
9819,1
9821,1
9822,1
9823,1
9824,0
9825,1
9826,0
9827,1
9828,1
9829,1
9833,0
9835,0
9836,0
9837,0
9839,0
9840,0
9844,0
9845,0
9846,1
9847,0
9848,1
9849,0
9851,1
9854,0
9857,1
9858,1
9860,0
9861,1
9862,0
9867,0
9871,0
9874,0
9875,1
9877,1
9879,1
9882,1
9884,1
9885,0
9889,0
9891,1
9897,0
9898,0
9899,0
9901,0
9911,1
9912,0
9914,1
9915,0
9916,1
9918,1
9922,0
9928,0
9935,1
9936,1
9938,1
9940,0
9941,0
9942,1
9948,0
9949,0
9951,1
9953,0
9954,1
9956,0
9958,1
9961,1
9963,0
9965,0
9967,1
9970,1
9971,1
9972,1
9974,0
9976,0
9981,1
9982,1
9983,0
9990,0
9993,0
9994,1
9996,0
9997,0
9999,0
10000,0
10002,0
10003,1
10006,0
10008,1
10010,0
10011,1
10014,0
10015,0
10017,0
10019,1
10021,0
10023,1
10024,1
10025,0
10026,0
10027,1
10029,0
10031,1
10033,0
10034,0
10036,0
10040,0
10042,0
10043,1
10044,0
10047,1
10049,1
10050,0
10051,1
10055,1
10059,0
10061,0
10065,0
10066,0
10067,0
10068,1
10071,1
10072,1
10073,0
10074,1
10075,1
10076,0
10083,1
10089,1
10090,0
10091,1
10092,0
10094,0
10097,0
10098,1
10101,1
10102,0
10105,0
10106,1
10108,0
10115,1
10116,0
10118,0
10119,0
10120,0
10125,1
10126,1
10127,0
10128,1
10132,0
10134,0
10135,0
10139,0
10140,0
10141,0
10143,0
10145,1
10146,0
10147,0
10153,0
10156,0
10157,1
10160,0
10165,0
10172,1
10173,1
10174,0
10178,1
10179,0
10182,0
10183,0
10187,1
10189,0
10191,1
10194,1
10195,1
10196,0
10197,0
10198,0
10199,0
10200,1
10201,0
10204,1
10205,0
10208,1
10209,1
10211,0
10216,1